% Generated FlatZinc statistics:
%%%mzn-stat: paths=0
%%%mzn-stat: flatBoolVars=1092
%%%mzn-stat: flatIntVars=1079
%%%mzn-stat: flatBoolConstraints=728
%%%mzn-stat: flatIntConstraints=2017
%%%mzn-stat: evaluatedHalfReifiedConstraints=1092
%%%mzn-stat: method="minimize"
%%%mzn-stat: flatTime=0.817474
%%%mzn-stat-end
opponent = 
[|  2,  3,  4,  5,  6,  7,  8,  9, 10, 11, 12, 13, 14
 |  1,  4,  3,  6,  5,  8,  7, 12,  9, 10, 11, 14, 13
 |  4,  1,  2,  7,  8,  5, 11,  6, 12, 13, 14,  9, 10
 |  3,  2,  1,  8,  7,  6,  9, 11, 14,  5, 13, 10, 12
 |  6, 12,  9,  1,  2,  3, 13, 14,  8,  4, 10, 11,  7
 |  5,  7, 10,  2,  1,  4, 14,  3, 13, 12,  9,  8, 11
 | 13,  6, 14,  3,  4,  1,  2, 10, 11,  9,  8, 12,  5
 | 10, 11, 12,  4,  3,  2,  1, 13,  5, 14,  7,  6,  9
 | 11, 14,  5, 13, 12, 10,  4,  1,  2,  7,  6,  3,  8
 |  8, 13,  6, 14, 11,  9, 12,  7,  1,  2,  5,  4,  3
 |  9,  8, 13, 12, 10, 14,  3,  4,  7,  1,  2,  5,  6
 | 14,  5,  8, 11,  9, 13, 10,  2,  3,  6,  1,  7,  4
 |  7, 10, 11,  9, 14, 12,  5,  8,  6,  3,  4,  1,  2
 | 12,  9,  7, 10, 13, 11,  6,  5,  4,  8,  3,  2,  1
 |];
venue = 
[| 1, 2, 2, 1, 1, 1, 2, 1, 1, 1, 2, 2, 1
 | 2, 2, 1, 2, 1, 1, 1, 2, 2, 1, 1, 2, 1
 | 2, 1, 2, 1, 1, 1, 2, 1, 2, 2, 1, 1, 1
 | 1, 1, 1, 2, 2, 2, 1, 2, 1, 2, 1, 1, 2
 | 2, 2, 1, 2, 2, 2, 1, 2, 2, 1, 2, 2, 2
 | 1, 2, 1, 1, 2, 1, 2, 2, 2, 1, 1, 2, 1
 | 2, 1, 2, 2, 1, 2, 2, 2, 1, 2, 2, 2, 1
 | 2, 1, 1, 1, 2, 2, 1, 1, 1, 2, 1, 1, 1
 | 2, 2, 2, 1, 2, 1, 2, 2, 1, 1, 2, 2, 2
 | 1, 2, 2, 1, 2, 2, 2, 1, 2, 2, 1, 2, 2
 | 1, 2, 2, 2, 1, 2, 1, 1, 2, 2, 2, 1, 2
 | 2, 1, 2, 1, 1, 2, 1, 1, 1, 2, 1, 1, 1
 | 1, 1, 1, 2, 1, 1, 2, 2, 1, 1, 2, 1, 2
 | 1, 1, 1, 2, 2, 1, 1, 1, 2, 1, 2, 1, 2
 |];
travel = 
[| 0, 2, 1, 3, 0, 0, 7, 7, 0, 0, 3, 1, 2, 0
 | 1, 3, 2, 4, 4, 0, 0, 4, 3, 7, 0, 2, 2, 0
 | 1, 1, 1, 1, 0, 0, 6, 6, 5, 1, 4, 0, 0, 0
 | 0, 0, 0, 4, 1, 1, 2, 7, 7, 1, 1, 0, 6, 6
 | 1, 6, 7, 4, 1, 1, 2, 5, 6, 3, 5, 1, 4, 2
 | 0, 1, 1, 0, 5, 5, 6, 3, 4, 7, 0, 2, 2, 0
 | 6, 6, 7, 3, 4, 6, 1, 6, 3, 2, 1, 4, 5, 0
 | 2, 2, 0, 0, 5, 1, 6, 0, 0, 6, 6, 0, 0, 0
 | 2, 3, 5, 4, 3, 3, 5, 3, 6, 0, 3, 3, 5, 1
 | 0, 3, 7, 4, 1, 2, 3, 2, 5, 1, 6, 6, 1, 7
 | 0, 3, 5, 1, 1, 3, 3, 0, 4, 6, 1, 5, 5, 5
 | 2, 2, 4, 4, 0, 1, 1, 0, 0, 6, 6, 0, 0, 0
 | 0, 0, 0, 4, 4, 0, 6, 3, 5, 0, 5, 5, 3, 3
 | 0, 0, 0, 4, 3, 1, 0, 0, 4, 4, 3, 3, 1, 1
 |];
objective = 510;
% time elapsed: 1.56 s
----------
opponent = 
[|  2,  3,  4,  5,  6,  7,  8,  9, 10, 11, 12, 13, 14
 |  1,  4,  3,  6,  5,  8,  7, 12,  9, 10, 11, 14, 13
 |  4,  1,  2,  7,  8,  5, 11,  6, 12, 13, 14,  9, 10
 |  3,  2,  1,  8,  7,  6,  9, 11, 14,  5, 13, 10, 12
 |  6, 12,  9,  1,  2,  3, 13, 14,  8,  4, 10, 11,  7
 |  5, 10,  7,  2,  1,  4, 14,  3, 13, 12,  9,  8, 11
 | 14, 13,  6,  3,  4,  1,  2, 10, 11,  9,  8, 12,  5
 | 10, 11, 12,  4,  3,  2,  1, 13,  5, 14,  7,  6,  9
 | 11, 14,  5, 13, 12, 10,  4,  1,  2,  7,  6,  3,  8
 |  8,  6, 13, 14, 11,  9, 12,  7,  1,  2,  5,  4,  3
 |  9,  8, 14, 12, 10, 13,  3,  4,  7,  1,  2,  5,  6
 | 13,  5,  8, 11,  9, 14, 10,  2,  3,  6,  1,  7,  4
 | 12,  7, 10,  9, 14, 11,  5,  8,  6,  3,  4,  1,  2
 |  7,  9, 11, 10, 13, 12,  6,  5,  4,  8,  3,  2,  1
 |];
venue = 
[| 1, 2, 2, 1, 1, 1, 2, 1, 1, 1, 2, 2, 1
 | 2, 2, 1, 2, 1, 1, 1, 2, 2, 1, 1, 2, 1
 | 2, 1, 2, 1, 1, 1, 2, 1, 2, 2, 1, 1, 1
 | 1, 1, 1, 2, 2, 2, 1, 2, 1, 2, 1, 1, 2
 | 2, 2, 1, 2, 2, 2, 1, 2, 2, 1, 2, 2, 2
 | 1, 1, 2, 1, 2, 1, 2, 2, 2, 1, 1, 2, 1
 | 2, 2, 1, 2, 1, 2, 2, 2, 1, 2, 2, 2, 1
 | 2, 1, 1, 1, 2, 2, 1, 1, 1, 2, 1, 1, 1
 | 2, 2, 2, 1, 2, 1, 2, 2, 1, 1, 2, 2, 2
 | 1, 2, 2, 1, 2, 2, 2, 1, 2, 2, 1, 2, 2
 | 1, 2, 2, 2, 1, 2, 1, 1, 2, 2, 2, 1, 2
 | 2, 1, 2, 1, 1, 2, 1, 1, 1, 2, 1, 1, 1
 | 1, 1, 1, 2, 1, 1, 2, 2, 1, 1, 2, 1, 2
 | 1, 1, 1, 2, 2, 1, 1, 1, 2, 1, 2, 1, 2
 |];
travel = 
[| 0, 2, 1, 3, 0, 0, 7, 7, 0, 0, 3, 1, 2, 0
 | 1, 3, 2, 4, 4, 0, 0, 4, 3, 7, 0, 2, 2, 0
 | 1, 1, 1, 1, 0, 0, 6, 6, 5, 1, 4, 0, 0, 0
 | 0, 0, 0, 4, 1, 1, 2, 7, 7, 1, 1, 0, 6, 6
 | 1, 6, 7, 4, 1, 1, 2, 5, 6, 3, 5, 1, 4, 2
 | 0, 0, 1, 1, 5, 5, 6, 3, 4, 7, 0, 2, 2, 0
 | 7, 1, 6, 4, 4, 6, 1, 6, 3, 2, 1, 4, 5, 0
 | 2, 2, 0, 0, 5, 1, 6, 0, 0, 6, 6, 0, 0, 0
 | 2, 3, 5, 4, 3, 3, 5, 3, 6, 0, 3, 3, 5, 1
 | 0, 4, 7, 3, 1, 2, 3, 2, 5, 1, 6, 6, 1, 7
 | 0, 3, 6, 2, 1, 2, 2, 0, 4, 6, 1, 5, 5, 5
 | 1, 1, 4, 4, 0, 2, 2, 0, 0, 6, 6, 0, 0, 0
 | 0, 0, 0, 4, 4, 0, 6, 3, 5, 0, 5, 5, 3, 3
 | 0, 0, 0, 4, 3, 1, 0, 0, 4, 4, 3, 3, 1, 1
 |];
objective = 506;
% time elapsed: 1.59 s
----------
opponent = 
[|  2,  3,  4,  5,  6,  7,  8,  9, 10, 11, 12, 13, 14
 |  1,  4,  3,  6,  5,  8,  7, 12,  9, 10, 11, 14, 13
 |  4,  1,  2,  7,  8,  5, 11,  6, 12, 13, 14,  9, 10
 |  3,  2,  1,  8,  7,  6,  9, 11, 14,  5, 13, 10, 12
 |  6, 12,  9,  1,  2,  3, 13, 14,  8,  4, 10, 11,  7
 |  5, 13, 14,  2,  1,  4, 10,  3,  7, 12,  9,  8, 11
 | 11, 14, 13,  3,  4,  1,  2, 10,  6,  9,  8, 12,  5
 | 12, 10, 11,  4,  3,  2,  1, 13,  5, 14,  7,  6,  9
 | 14, 11,  5, 13, 10, 12,  4,  1,  2,  7,  6,  3,  8
 | 13,  8, 12, 14,  9, 11,  6,  7,  1,  2,  5,  4,  3
 |  7,  9,  8, 12, 14, 10,  3,  4, 13,  1,  2,  5,  6
 |  8,  5, 10, 11, 13,  9, 14,  2,  3,  6,  1,  7,  4
 | 10,  6,  7,  9, 12, 14,  5,  8, 11,  3,  4,  1,  2
 |  9,  7,  6, 10, 11, 13, 12,  5,  4,  8,  3,  2,  1
 |];
venue = 
[| 1, 2, 2, 1, 1, 1, 2, 1, 1, 1, 2, 2, 1
 | 2, 2, 1, 2, 1, 1, 1, 2, 2, 1, 1, 2, 1
 | 2, 1, 2, 1, 1, 1, 2, 1, 2, 2, 1, 1, 1
 | 1, 1, 1, 2, 2, 2, 1, 2, 1, 2, 1, 1, 2
 | 2, 2, 1, 2, 2, 2, 1, 2, 2, 1, 2, 2, 2
 | 1, 2, 2, 1, 2, 1, 1, 2, 2, 1, 1, 2, 1
 | 1, 2, 2, 2, 1, 2, 2, 2, 1, 2, 2, 2, 1
 | 1, 2, 1, 1, 2, 2, 1, 1, 1, 2, 1, 1, 1
 | 2, 2, 2, 1, 1, 2, 2, 2, 1, 1, 2, 2, 2
 | 2, 1, 2, 1, 2, 2, 2, 1, 2, 2, 1, 2, 2
 | 2, 1, 2, 2, 2, 1, 1, 1, 2, 2, 2, 1, 2
 | 2, 1, 1, 1, 2, 1, 2, 1, 1, 2, 1, 1, 1
 | 1, 1, 1, 2, 1, 1, 2, 2, 1, 1, 2, 1, 2
 | 1, 1, 1, 2, 1, 2, 1, 1, 2, 1, 2, 1, 2
 |];
travel = 
[| 0, 2, 1, 3, 0, 0, 7, 7, 0, 0, 3, 1, 2, 0
 | 1, 3, 2, 4, 4, 0, 0, 4, 3, 7, 0, 2, 2, 0
 | 1, 1, 1, 1, 0, 0, 6, 6, 5, 1, 4, 0, 0, 0
 | 0, 0, 0, 4, 1, 1, 2, 7, 7, 1, 1, 0, 6, 6
 | 1, 6, 7, 4, 1, 1, 2, 5, 6, 3, 5, 1, 4, 2
 | 0, 7, 1, 6, 5, 5, 0, 3, 4, 1, 0, 2, 2, 0
 | 0, 7, 1, 4, 4, 6, 1, 6, 3, 2, 1, 4, 5, 0
 | 0, 2, 2, 0, 5, 1, 6, 0, 0, 6, 6, 0, 0, 0
 | 5, 3, 6, 4, 0, 3, 6, 3, 6, 0, 3, 3, 5, 1
 | 3, 3, 2, 2, 1, 2, 5, 4, 5, 1, 6, 6, 1, 7
 | 4, 4, 3, 4, 2, 3, 0, 0, 2, 2, 1, 5, 5, 5
 | 4, 4, 0, 0, 1, 1, 2, 2, 0, 6, 6, 0, 0, 0
 | 0, 0, 0, 4, 4, 0, 6, 3, 5, 0, 5, 5, 3, 3
 | 0, 0, 0, 4, 4, 1, 1, 0, 4, 4, 3, 3, 1, 1
 |];
objective = 502;
% time elapsed: 1.62 s
----------
opponent = 
[|  2,  3,  4,  5,  6,  7,  8,  9, 10, 11, 12, 13, 14
 |  1,  4,  3,  6,  5,  8,  7, 12,  9, 10, 11, 14, 13
 |  4,  1,  2,  7,  8,  5, 11,  6, 12, 13, 14,  9, 10
 |  3,  2,  1,  8,  7,  6,  9, 11, 14,  5, 13, 10, 12
 |  6, 12,  9,  1,  2,  3, 13, 14,  8,  4, 10, 11,  7
 |  5, 13, 14,  2,  1,  4, 10,  3,  7, 12,  9,  8, 11
 | 14, 11, 13,  3,  4,  1,  2, 10,  6,  9,  8, 12,  5
 | 11, 10, 12,  4,  3,  2,  1, 13,  5, 14,  7,  6,  9
 | 12, 14,  5, 13, 11, 10,  4,  1,  2,  7,  6,  3,  8
 | 13,  8, 11, 14, 12,  9,  6,  7,  1,  2,  5,  4,  3
 |  8,  7, 10, 12,  9, 14,  3,  4, 13,  1,  2,  5,  6
 |  9,  5,  8, 11, 10, 13, 14,  2,  3,  6,  1,  7,  4
 | 10,  6,  7,  9, 14, 12,  5,  8, 11,  3,  4,  1,  2
 |  7,  9,  6, 10, 13, 11, 12,  5,  4,  8,  3,  2,  1
 |];
venue = 
[| 1, 2, 2, 1, 1, 1, 2, 1, 1, 1, 2, 2, 1
 | 2, 2, 1, 2, 1, 1, 1, 2, 2, 1, 1, 2, 1
 | 2, 1, 2, 1, 1, 1, 2, 1, 2, 2, 1, 1, 1
 | 1, 1, 1, 2, 2, 2, 1, 2, 1, 2, 1, 1, 2
 | 2, 2, 1, 2, 2, 2, 1, 2, 2, 1, 2, 2, 2
 | 1, 2, 2, 1, 2, 1, 1, 2, 2, 1, 1, 2, 1
 | 2, 1, 2, 2, 1, 2, 2, 2, 1, 2, 2, 2, 1
 | 1, 2, 1, 1, 2, 2, 1, 1, 1, 2, 1, 1, 1
 | 2, 2, 2, 1, 2, 1, 2, 2, 1, 1, 2, 2, 2
 | 2, 1, 2, 1, 2, 2, 2, 1, 2, 2, 1, 2, 2
 | 2, 2, 1, 2, 1, 2, 1, 1, 2, 2, 2, 1, 2
 | 1, 1, 2, 1, 1, 2, 2, 1, 1, 2, 1, 1, 1
 | 1, 1, 1, 2, 1, 1, 2, 2, 1, 1, 2, 1, 2
 | 1, 1, 1, 2, 2, 1, 1, 1, 2, 1, 2, 1, 2
 |];
travel = 
[| 0, 2, 1, 3, 0, 0, 7, 7, 0, 0, 3, 1, 2, 0
 | 1, 3, 2, 4, 4, 0, 0, 4, 3, 7, 0, 2, 2, 0
 | 1, 1, 1, 1, 0, 0, 6, 6, 5, 1, 4, 0, 0, 0
 | 0, 0, 0, 4, 1, 1, 2, 7, 7, 1, 1, 0, 6, 6
 | 1, 6, 7, 4, 1, 1, 2, 5, 6, 3, 5, 1, 4, 2
 | 0, 7, 1, 6, 5, 5, 0, 3, 4, 1, 0, 2, 2, 0
 | 7, 7, 6, 4, 4, 6, 1, 6, 3, 2, 1, 4, 5, 0
 | 0, 2, 2, 0, 5, 1, 6, 0, 0, 6, 6, 0, 0, 0
 | 3, 2, 5, 4, 2, 2, 5, 3, 6, 0, 3, 3, 5, 1
 | 3, 3, 1, 1, 2, 3, 3, 4, 5, 1, 6, 6, 1, 7
 | 3, 1, 4, 1, 1, 3, 3, 0, 2, 2, 1, 5, 5, 5
 | 0, 0, 4, 4, 0, 1, 1, 2, 0, 6, 6, 0, 0, 0
 | 0, 0, 0, 4, 4, 0, 6, 3, 5, 0, 5, 5, 3, 3
 | 0, 0, 0, 4, 3, 1, 0, 0, 4, 4, 3, 3, 1, 1
 |];
objective = 500;
% time elapsed: 1.68 s
----------
opponent = 
[|  2,  3,  4,  5,  6,  7,  8,  9, 10, 11, 12, 13, 14
 |  1,  4,  3,  6,  5,  8,  7, 12,  9, 10, 11, 14, 13
 |  4,  1,  2,  7,  8,  5, 11,  6, 12, 13, 14,  9, 10
 |  3,  2,  1,  8,  7,  6,  9, 11, 14,  5, 13, 10, 12
 |  7, 12,  9,  1,  2,  3, 13, 14,  8,  4, 10, 11,  6
 | 13, 10, 11,  2,  1,  4, 14,  3,  7, 12,  9,  8,  5
 |  5, 13, 14,  3,  4,  1,  2, 10,  6,  9,  8, 12, 11
 | 10, 11, 12,  4,  3,  2,  1, 13,  5, 14,  7,  6,  9
 | 11, 14,  5, 13, 12, 10,  4,  1,  2,  7,  6,  3,  8
 |  8,  6, 13, 14, 11,  9, 12,  7,  1,  2,  5,  4,  3
 |  9,  8,  6, 12, 10, 14,  3,  4, 13,  1,  2,  5,  7
 | 14,  5,  8, 11,  9, 13, 10,  2,  3,  6,  1,  7,  4
 |  6,  7, 10,  9, 14, 12,  5,  8, 11,  3,  4,  1,  2
 | 12,  9,  7, 10, 13, 11,  6,  5,  4,  8,  3,  2,  1
 |];
venue = 
[| 1, 2, 2, 1, 1, 1, 2, 1, 1, 1, 2, 2, 1
 | 2, 2, 1, 2, 1, 1, 1, 2, 2, 1, 1, 2, 1
 | 2, 1, 2, 1, 1, 1, 2, 1, 2, 2, 1, 1, 1
 | 1, 1, 1, 2, 2, 2, 1, 2, 1, 2, 1, 1, 2
 | 2, 2, 1, 2, 2, 2, 1, 2, 2, 1, 2, 2, 2
 | 2, 1, 1, 1, 2, 1, 2, 2, 2, 1, 1, 2, 1
 | 1, 2, 2, 2, 1, 2, 2, 2, 1, 2, 2, 2, 1
 | 2, 1, 1, 1, 2, 2, 1, 1, 1, 2, 1, 1, 1
 | 2, 2, 2, 1, 2, 1, 2, 2, 1, 1, 2, 2, 2
 | 1, 2, 2, 1, 2, 2, 2, 1, 2, 2, 1, 2, 2
 | 1, 2, 2, 2, 1, 2, 1, 1, 2, 2, 2, 1, 2
 | 2, 1, 2, 1, 1, 2, 1, 1, 1, 2, 1, 1, 1
 | 1, 1, 1, 2, 1, 1, 2, 2, 1, 1, 2, 1, 2
 | 1, 1, 1, 2, 2, 1, 1, 1, 2, 1, 2, 1, 2
 |];
travel = 
[| 0, 2, 1, 3, 0, 0, 7, 7, 0, 0, 3, 1, 2, 0
 | 1, 3, 2, 4, 4, 0, 0, 4, 3, 7, 0, 2, 2, 0
 | 1, 1, 1, 1, 0, 0, 6, 6, 5, 1, 4, 0, 0, 0
 | 0, 0, 0, 4, 1, 1, 2, 7, 7, 1, 1, 0, 6, 6
 | 2, 5, 7, 4, 1, 1, 2, 5, 6, 3, 5, 1, 5, 1
 | 7, 7, 0, 0, 5, 5, 6, 3, 4, 1, 0, 2, 2, 0
 | 0, 6, 1, 3, 4, 6, 1, 6, 3, 2, 1, 4, 5, 0
 | 2, 2, 0, 0, 5, 1, 6, 0, 0, 6, 6, 0, 0, 0
 | 2, 3, 5, 4, 3, 3, 5, 3, 6, 0, 3, 3, 5, 1
 | 0, 4, 7, 3, 1, 2, 3, 2, 5, 1, 6, 6, 1, 7
 | 0, 3, 2, 6, 1, 3, 3, 0, 2, 2, 1, 5, 4, 4
 | 2, 2, 4, 4, 0, 1, 1, 0, 0, 6, 6, 0, 0, 0
 | 0, 0, 0, 4, 4, 0, 6, 3, 5, 0, 5, 5, 3, 3
 | 0, 0, 0, 4, 3, 1, 0, 0, 4, 4, 3, 3, 1, 1
 |];
objective = 498;
% time elapsed: 1.71 s
----------
opponent = 
[|  2,  3,  4,  5,  6,  7,  8,  9, 10, 11, 12, 13, 14
 |  1,  4,  3,  6,  5,  8,  7, 12,  9, 10, 11, 14, 13
 |  4,  1,  2,  7,  8,  5, 11,  6, 12, 13, 14,  9, 10
 |  3,  2,  1,  8,  7,  6,  9, 11, 14,  5, 13, 10, 12
 | 12,  7,  9,  1,  2,  3, 13, 14,  8,  4, 10, 11,  6
 | 14, 13, 11,  2,  1,  4, 10,  3,  7, 12,  9,  8,  5
 | 13,  5, 14,  3,  4,  1,  2, 10,  6,  9,  8, 12, 11
 | 10, 11, 12,  4,  3,  2,  1, 13,  5, 14,  7,  6,  9
 | 11, 14,  5, 13, 12, 10,  4,  1,  2,  7,  6,  3,  8
 |  8, 12, 13, 14, 11,  9,  6,  7,  1,  2,  5,  4,  3
 |  9,  8,  6, 12, 10, 14,  3,  4, 13,  1,  2,  5,  7
 |  5, 10,  8, 11,  9, 13, 14,  2,  3,  6,  1,  7,  4
 |  7,  6, 10,  9, 14, 12,  5,  8, 11,  3,  4,  1,  2
 |  6,  9,  7, 10, 13, 11, 12,  5,  4,  8,  3,  2,  1
 |];
venue = 
[| 1, 2, 2, 1, 1, 1, 2, 1, 1, 1, 2, 2, 1
 | 2, 2, 1, 2, 1, 1, 1, 2, 2, 1, 1, 2, 1
 | 2, 1, 2, 1, 1, 1, 2, 1, 2, 2, 1, 1, 1
 | 1, 1, 1, 2, 2, 2, 1, 2, 1, 2, 1, 1, 2
 | 2, 2, 1, 2, 2, 2, 1, 2, 2, 1, 2, 2, 2
 | 2, 2, 1, 1, 2, 1, 1, 2, 2, 1, 1, 2, 1
 | 2, 1, 2, 2, 1, 2, 2, 2, 1, 2, 2, 2, 1
 | 2, 1, 1, 1, 2, 2, 1, 1, 1, 2, 1, 1, 1
 | 2, 2, 2, 1, 2, 1, 2, 2, 1, 1, 2, 2, 2
 | 1, 2, 2, 1, 2, 2, 2, 1, 2, 2, 1, 2, 2
 | 1, 2, 2, 2, 1, 2, 1, 1, 2, 2, 2, 1, 2
 | 1, 1, 2, 1, 1, 2, 2, 1, 1, 2, 1, 1, 1
 | 1, 1, 1, 2, 1, 1, 2, 2, 1, 1, 2, 1, 2
 | 1, 1, 1, 2, 2, 1, 1, 1, 2, 1, 2, 1, 2
 |];
travel = 
[| 0, 2, 1, 3, 0, 0, 7, 7, 0, 0, 3, 1, 2, 0
 | 1, 3, 2, 4, 4, 0, 0, 4, 3, 7, 0, 2, 2, 0
 | 1, 1, 1, 1, 0, 0, 6, 6, 5, 1, 4, 0, 0, 0
 | 0, 0, 0, 4, 1, 1, 2, 7, 7, 1, 1, 0, 6, 6
 | 7, 5, 2, 4, 1, 1, 2, 5, 6, 3, 5, 1, 5, 1
 | 6, 1, 7, 0, 5, 5, 0, 3, 4, 1, 0, 2, 2, 0
 | 6, 6, 7, 3, 4, 6, 1, 6, 3, 2, 1, 4, 5, 0
 | 2, 2, 0, 0, 5, 1, 6, 0, 0, 6, 6, 0, 0, 0
 | 2, 3, 5, 4, 3, 3, 5, 3, 6, 0, 3, 3, 5, 1
 | 0, 2, 1, 3, 1, 2, 3, 4, 5, 1, 6, 6, 1, 7
 | 0, 3, 2, 6, 1, 3, 3, 0, 2, 2, 1, 5, 4, 4
 | 0, 0, 4, 4, 0, 1, 1, 2, 0, 6, 6, 0, 0, 0
 | 0, 0, 0, 4, 4, 0, 6, 3, 5, 0, 5, 5, 3, 3
 | 0, 0, 0, 4, 3, 1, 0, 0, 4, 4, 3, 3, 1, 1
 |];
objective = 496;
% time elapsed: 1.88 s
----------
opponent = 
[|  2,  3,  4,  5,  6,  7,  8,  9, 10, 11, 12, 13, 14
 |  1,  4,  3,  6,  5,  8,  7, 12,  9, 10, 11, 14, 13
 |  4,  1,  2,  7,  8,  5, 11,  6, 12, 13, 14,  9, 10
 |  3,  2,  1,  8,  7,  6,  9, 11, 14,  5, 13, 10, 12
 | 12, 14,  9,  1,  2,  3, 13, 10,  8,  4,  6, 11,  7
 |  7, 11, 10,  2,  1,  4, 14,  3, 13, 12,  5,  8,  9
 |  6, 13, 14,  3,  4,  1,  2,  8, 11,  9, 10, 12,  5
 | 10, 12, 13,  4,  3,  2,  1,  7,  5, 14,  9,  6, 11
 | 14, 10,  5, 11, 12, 13,  4,  1,  2,  7,  8,  3,  6
 |  8,  9,  6, 14, 13, 11, 12,  5,  1,  2,  7,  4,  3
 | 13,  6, 12,  9, 14, 10,  3,  4,  7,  1,  2,  5,  8
 |  5,  8, 11, 13,  9, 14, 10,  2,  3,  6,  1,  7,  4
 | 11,  7,  8, 12, 10,  9,  5, 14,  6,  3,  4,  1,  2
 |  9,  5,  7, 10, 11, 12,  6, 13,  4,  8,  3,  2,  1
 |];
venue = 
[| 1, 2, 2, 1, 1, 1, 2, 1, 1, 1, 2, 2, 1
 | 2, 2, 1, 2, 1, 1, 1, 2, 2, 1, 1, 2, 1
 | 2, 1, 2, 1, 1, 1, 2, 1, 2, 2, 1, 1, 1
 | 1, 1, 1, 2, 2, 2, 1, 2, 1, 2, 1, 1, 2
 | 2, 2, 1, 2, 2, 2, 1, 2, 2, 1, 2, 2, 2
 | 2, 1, 1, 1, 2, 1, 2, 2, 2, 1, 1, 2, 1
 | 1, 2, 2, 2, 1, 2, 2, 2, 1, 2, 2, 2, 1
 | 2, 1, 1, 1, 2, 2, 1, 1, 1, 2, 1, 1, 1
 | 2, 1, 2, 2, 2, 1, 2, 2, 1, 1, 2, 2, 2
 | 1, 2, 2, 1, 2, 2, 2, 1, 2, 2, 1, 2, 2
 | 2, 2, 2, 1, 2, 1, 1, 1, 2, 2, 2, 1, 2
 | 1, 2, 1, 2, 1, 2, 1, 1, 1, 2, 1, 1, 1
 | 1, 1, 2, 1, 1, 2, 2, 1, 1, 1, 2, 1, 2
 | 1, 1, 1, 2, 1, 1, 1, 2, 2, 1, 2, 1, 2
 |];
travel = 
[| 0, 2, 1, 3, 0, 0, 7, 7, 0, 0, 3, 1, 2, 0
 | 1, 3, 2, 4, 4, 0, 0, 4, 3, 7, 0, 2, 2, 0
 | 1, 1, 1, 1, 0, 0, 6, 6, 5, 1, 4, 0, 0, 0
 | 0, 0, 0, 4, 1, 1, 2, 7, 7, 1, 1, 0, 6, 6
 | 7, 2, 5, 4, 1, 1, 2, 5, 2, 3, 1, 5, 4, 2
 | 1, 1, 0, 0, 5, 5, 6, 3, 4, 7, 0, 2, 2, 0
 | 0, 6, 1, 3, 4, 6, 1, 6, 1, 2, 1, 2, 5, 0
 | 2, 2, 0, 0, 5, 1, 6, 0, 0, 6, 6, 0, 0, 0
 | 5, 5, 4, 6, 1, 3, 5, 3, 6, 0, 1, 5, 3, 3
 | 0, 1, 3, 4, 3, 2, 1, 2, 5, 1, 6, 6, 1, 7
 | 2, 7, 6, 1, 3, 3, 0, 0, 4, 6, 1, 5, 3, 3
 | 0, 4, 4, 1, 1, 2, 2, 0, 0, 6, 6, 0, 0, 0
 | 0, 0, 5, 5, 0, 4, 4, 6, 0, 0, 5, 5, 3, 3
 | 0, 0, 0, 4, 4, 0, 0, 1, 5, 4, 3, 3, 1, 1
 |];
objective = 494;
% time elapsed: 2.16 s
----------
opponent = 
[|  2,  3,  4,  5,  6,  7,  8,  9, 10, 11, 12, 13, 14
 |  1,  4,  3,  6,  5,  8,  7, 12,  9, 10, 11, 14, 13
 |  4,  1,  2,  7,  8,  5, 11,  6, 12, 13, 14,  9, 10
 |  3,  2,  1,  8,  7,  6,  9, 11, 14,  5, 13, 10, 12
 | 12, 14,  9,  1,  2,  3, 13, 10,  8,  4,  6, 11,  7
 | 10, 11, 13,  2,  1,  4, 14,  3,  7, 12,  5,  8,  9
 | 11, 13, 14,  3,  4,  1,  2,  8,  6,  9, 10, 12,  5
 | 13, 10, 12,  4,  3,  2,  1,  7,  5, 14,  9,  6, 11
 | 14, 12,  5, 13, 10, 11,  4,  1,  2,  7,  8,  3,  6
 |  6,  8, 11, 14,  9, 13, 12,  5,  1,  2,  7,  4,  3
 |  7,  6, 10, 12, 14,  9,  3,  4, 13,  1,  2,  5,  8
 |  5,  9,  8, 11, 13, 14, 10,  2,  3,  6,  1,  7,  4
 |  8,  7,  6,  9, 12, 10,  5, 14, 11,  3,  4,  1,  2
 |  9,  5,  7, 10, 11, 12,  6, 13,  4,  8,  3,  2,  1
 |];
venue = 
[| 1, 2, 2, 1, 1, 1, 2, 1, 1, 1, 2, 2, 1
 | 2, 2, 1, 2, 1, 1, 1, 2, 2, 1, 1, 2, 1
 | 2, 1, 2, 1, 1, 1, 2, 1, 2, 2, 1, 1, 1
 | 1, 1, 1, 2, 2, 2, 1, 2, 1, 2, 1, 1, 2
 | 2, 2, 1, 2, 2, 2, 1, 2, 2, 1, 2, 2, 2
 | 1, 1, 2, 1, 2, 1, 2, 2, 2, 1, 1, 2, 1
 | 1, 2, 2, 2, 1, 2, 2, 2, 1, 2, 2, 2, 1
 | 1, 2, 1, 1, 2, 2, 1, 1, 1, 2, 1, 1, 1
 | 2, 2, 2, 1, 1, 2, 2, 2, 1, 1, 2, 2, 2
 | 2, 1, 2, 1, 2, 2, 2, 1, 2, 2, 1, 2, 2
 | 2, 2, 1, 2, 2, 1, 1, 1, 2, 2, 2, 1, 2
 | 1, 1, 2, 1, 2, 2, 1, 1, 1, 2, 1, 1, 1
 | 2, 1, 1, 2, 1, 1, 2, 1, 1, 1, 2, 1, 2
 | 1, 1, 1, 2, 1, 1, 1, 2, 2, 1, 2, 1, 2
 |];
travel = 
[| 0, 2, 1, 3, 0, 0, 7, 7, 0, 0, 3, 1, 2, 0
 | 1, 3, 2, 4, 4, 0, 0, 4, 3, 7, 0, 2, 2, 0
 | 1, 1, 1, 1, 0, 0, 6, 6, 5, 1, 4, 0, 0, 0
 | 0, 0, 0, 4, 1, 1, 2, 7, 7, 1, 1, 0, 6, 6
 | 7, 2, 5, 4, 1, 1, 2, 5, 2, 3, 1, 5, 4, 2
 | 0, 0, 7, 7, 5, 5, 6, 3, 4, 1, 0, 2, 2, 0
 | 0, 6, 1, 3, 4, 6, 1, 6, 1, 2, 1, 2, 5, 0
 | 0, 2, 2, 0, 5, 1, 6, 0, 0, 6, 6, 0, 0, 0
 | 5, 2, 7, 4, 0, 2, 7, 3, 6, 0, 1, 5, 3, 3
 | 4, 4, 1, 1, 1, 4, 1, 2, 5, 1, 6, 6, 1, 7
 | 4, 1, 5, 1, 2, 3, 0, 0, 2, 2, 1, 5, 3, 3
 | 0, 0, 4, 4, 1, 1, 2, 0, 0, 6, 6, 0, 0, 0
 | 5, 5, 0, 4, 4, 0, 6, 6, 0, 0, 5, 5, 3, 3
 | 0, 0, 0, 4, 4, 0, 0, 1, 5, 4, 3, 3, 1, 1
 |];
objective = 492;
% time elapsed: 2.19 s
----------
opponent = 
[|  2,  3,  4,  5,  6,  7,  8,  9, 10, 11, 12, 13, 14
 |  1,  4,  3,  6,  5,  8,  7, 12,  9, 10, 11, 14, 13
 |  4,  1,  2,  7,  8,  5, 11,  6, 12, 13, 14,  9, 10
 |  3,  2,  1,  8,  7,  6,  9, 11, 14,  5, 13, 10, 12
 | 12, 14,  9,  1,  2,  3, 13, 10,  8,  4,  6, 11,  7
 | 11, 13, 14,  2,  1,  4, 10,  3,  7, 12,  5,  8,  9
 |  8, 11, 13,  3,  4,  1,  2, 14,  6,  9, 10, 12,  5
 |  7, 10, 12,  4,  3,  2,  1, 13,  5, 14,  9,  6, 11
 | 14, 12,  5, 13, 10, 11,  4,  1,  2,  7,  8,  3,  6
 | 13,  8, 11, 14,  9, 12,  6,  5,  1,  2,  7,  4,  3
 |  6,  7, 10, 12, 14,  9,  3,  4, 13,  1,  2,  5,  8
 |  5,  9,  8, 11, 13, 10, 14,  2,  3,  6,  1,  7,  4
 | 10,  6,  7,  9, 12, 14,  5,  8, 11,  3,  4,  1,  2
 |  9,  5,  6, 10, 11, 13, 12,  7,  4,  8,  3,  2,  1
 |];
venue = 
[| 1, 2, 2, 1, 1, 1, 2, 1, 1, 1, 2, 2, 1
 | 2, 2, 1, 2, 1, 1, 1, 2, 2, 1, 1, 2, 1
 | 2, 1, 2, 1, 1, 1, 2, 1, 2, 2, 1, 1, 1
 | 1, 1, 1, 2, 2, 2, 1, 2, 1, 2, 1, 1, 2
 | 2, 2, 1, 2, 2, 2, 1, 2, 2, 1, 2, 2, 2
 | 1, 2, 2, 1, 2, 1, 1, 2, 2, 1, 1, 2, 1
 | 2, 1, 2, 2, 1, 2, 2, 2, 1, 2, 2, 2, 1
 | 1, 2, 1, 1, 2, 2, 1, 1, 1, 2, 1, 1, 1
 | 2, 2, 2, 1, 1, 2, 2, 2, 1, 1, 2, 2, 2
 | 2, 1, 2, 1, 2, 2, 2, 1, 2, 2, 1, 2, 2
 | 2, 2, 1, 2, 2, 1, 1, 1, 2, 2, 2, 1, 2
 | 1, 1, 2, 1, 2, 1, 2, 1, 1, 2, 1, 1, 1
 | 1, 1, 1, 2, 1, 1, 2, 2, 1, 1, 2, 1, 2
 | 1, 1, 1, 2, 1, 2, 1, 1, 2, 1, 2, 1, 2
 |];
travel = 
[| 0, 2, 1, 3, 0, 0, 7, 7, 0, 0, 3, 1, 2, 0
 | 1, 3, 2, 4, 4, 0, 0, 4, 3, 7, 0, 2, 2, 0
 | 1, 1, 1, 1, 0, 0, 6, 6, 5, 1, 4, 0, 0, 0
 | 0, 0, 0, 4, 1, 1, 2, 7, 7, 1, 1, 0, 6, 6
 | 7, 2, 5, 4, 1, 1, 2, 5, 2, 3, 1, 5, 4, 2
 | 0, 7, 1, 6, 5, 5, 0, 3, 4, 1, 0, 2, 2, 0
 | 1, 1, 6, 4, 4, 6, 1, 2, 7, 2, 1, 2, 5, 0
 | 0, 2, 2, 0, 5, 1, 6, 0, 0, 6, 6, 0, 0, 0
 | 5, 2, 7, 4, 0, 2, 7, 3, 6, 0, 1, 5, 3, 3
 | 3, 3, 1, 1, 1, 3, 6, 4, 5, 1, 6, 6, 1, 7
 | 5, 1, 4, 1, 2, 3, 0, 0, 2, 2, 1, 5, 3, 3
 | 0, 0, 4, 4, 1, 1, 2, 2, 0, 6, 6, 0, 0, 0
 | 0, 0, 0, 4, 4, 0, 6, 3, 5, 0, 5, 5, 3, 3
 | 0, 0, 0, 4, 4, 1, 1, 0, 4, 4, 3, 3, 1, 1
 |];
objective = 488;
% time elapsed: 2.23 s
----------
opponent = 
[|  2,  3,  4,  5,  6,  7,  8,  9, 10, 11, 12, 13, 14
 |  1,  4,  3,  6,  5,  8,  7, 12,  9, 10, 11, 14, 13
 |  4,  1,  2,  7,  8,  5, 11,  6, 12, 13, 14,  9, 10
 |  3,  2,  1,  8,  7,  6,  9, 11, 14,  5, 13, 10, 12
 | 12, 14,  9,  1,  2,  3, 13, 10,  8,  4,  6, 11,  7
 | 11, 13, 14,  2,  1,  4, 10,  3,  7, 12,  5,  8,  9
 |  8, 11, 13,  3,  4,  1,  2, 14,  6,  9, 10, 12,  5
 |  7, 10, 12,  4,  3,  2,  1, 13,  5, 14,  9,  6, 11
 | 14, 12,  5, 13, 11, 10,  4,  1,  2,  7,  8,  3,  6
 | 13,  8, 11, 14, 12,  9,  6,  5,  1,  2,  7,  4,  3
 |  6,  7, 10, 12,  9, 14,  3,  4, 13,  1,  2,  5,  8
 |  5,  9,  8, 11, 10, 13, 14,  2,  3,  6,  1,  7,  4
 | 10,  6,  7,  9, 14, 12,  5,  8, 11,  3,  4,  1,  2
 |  9,  5,  6, 10, 13, 11, 12,  7,  4,  8,  3,  2,  1
 |];
venue = 
[| 1, 2, 2, 1, 1, 1, 2, 1, 1, 1, 2, 2, 1
 | 2, 2, 1, 2, 1, 1, 1, 2, 2, 1, 1, 2, 1
 | 2, 1, 2, 1, 1, 1, 2, 1, 2, 2, 1, 1, 1
 | 1, 1, 1, 2, 2, 2, 1, 2, 1, 2, 1, 1, 2
 | 2, 2, 1, 2, 2, 2, 1, 2, 2, 1, 2, 2, 2
 | 1, 2, 2, 1, 2, 1, 1, 2, 2, 1, 1, 2, 1
 | 2, 1, 2, 2, 1, 2, 2, 2, 1, 2, 2, 2, 1
 | 1, 2, 1, 1, 2, 2, 1, 1, 1, 2, 1, 1, 1
 | 2, 2, 2, 1, 2, 1, 2, 2, 1, 1, 2, 2, 2
 | 2, 1, 2, 1, 2, 2, 2, 1, 2, 2, 1, 2, 2
 | 2, 2, 1, 2, 1, 2, 1, 1, 2, 2, 2, 1, 2
 | 1, 1, 2, 1, 1, 2, 2, 1, 1, 2, 1, 1, 1
 | 1, 1, 1, 2, 1, 1, 2, 2, 1, 1, 2, 1, 2
 | 1, 1, 1, 2, 2, 1, 1, 1, 2, 1, 2, 1, 2
 |];
travel = 
[| 0, 2, 1, 3, 0, 0, 7, 7, 0, 0, 3, 1, 2, 0
 | 1, 3, 2, 4, 4, 0, 0, 4, 3, 7, 0, 2, 2, 0
 | 1, 1, 1, 1, 0, 0, 6, 6, 5, 1, 4, 0, 0, 0
 | 0, 0, 0, 4, 1, 1, 2, 7, 7, 1, 1, 0, 6, 6
 | 7, 2, 5, 4, 1, 1, 2, 5, 2, 3, 1, 5, 4, 2
 | 0, 7, 1, 6, 5, 5, 0, 3, 4, 1, 0, 2, 2, 0
 | 1, 1, 6, 4, 4, 6, 1, 2, 7, 2, 1, 2, 5, 0
 | 0, 2, 2, 0, 5, 1, 6, 0, 0, 6, 6, 0, 0, 0
 | 5, 2, 7, 4, 2, 2, 5, 3, 6, 0, 1, 5, 3, 3
 | 3, 3, 1, 1, 2, 3, 3, 4, 5, 1, 6, 6, 1, 7
 | 5, 1, 4, 1, 1, 3, 3, 0, 2, 2, 1, 5, 3, 3
 | 0, 0, 4, 4, 0, 1, 1, 2, 0, 6, 6, 0, 0, 0
 | 0, 0, 0, 4, 4, 0, 6, 3, 5, 0, 5, 5, 3, 3
 | 0, 0, 0, 4, 3, 1, 0, 0, 4, 4, 3, 3, 1, 1
 |];
objective = 484;
% time elapsed: 2.26 s
----------
opponent = 
[|  2,  3,  4,  5,  6,  7,  8,  9, 10, 11, 12, 13, 14
 |  1,  4,  3,  6,  5,  8,  7, 12,  9, 10, 11, 14, 13
 |  4,  1,  2,  7,  8,  5, 11,  6, 12, 13, 14,  9, 10
 |  3,  2,  1,  8,  7,  6,  9, 11, 14,  5, 13, 10, 12
 | 14, 12,  9,  1,  2,  3, 13, 10,  8,  4,  6, 11,  7
 | 11, 13, 14,  2,  1,  4, 10,  3,  7, 12,  5,  8,  9
 |  8, 11, 13,  3,  4,  1,  2, 14,  6,  9, 10, 12,  5
 |  7, 10, 12,  4,  3,  2,  1, 13,  5, 14,  9,  6, 11
 | 12, 14,  5, 13, 11, 10,  4,  1,  2,  7,  8,  3,  6
 | 13,  8, 11, 14, 12,  9,  6,  5,  1,  2,  7,  4,  3
 |  6,  7, 10, 12,  9, 14,  3,  4, 13,  1,  2,  5,  8
 |  9,  5,  8, 11, 10, 13, 14,  2,  3,  6,  1,  7,  4
 | 10,  6,  7,  9, 14, 12,  5,  8, 11,  3,  4,  1,  2
 |  5,  9,  6, 10, 13, 11, 12,  7,  4,  8,  3,  2,  1
 |];
venue = 
[| 1, 2, 2, 1, 1, 1, 2, 1, 1, 1, 2, 2, 1
 | 2, 2, 1, 2, 1, 1, 1, 2, 2, 1, 1, 2, 1
 | 2, 1, 2, 1, 1, 1, 2, 1, 2, 2, 1, 1, 1
 | 1, 1, 1, 2, 2, 2, 1, 2, 1, 2, 1, 1, 2
 | 2, 2, 1, 2, 2, 2, 1, 2, 2, 1, 2, 2, 2
 | 1, 2, 2, 1, 2, 1, 1, 2, 2, 1, 1, 2, 1
 | 2, 1, 2, 2, 1, 2, 2, 2, 1, 2, 2, 2, 1
 | 1, 2, 1, 1, 2, 2, 1, 1, 1, 2, 1, 1, 1
 | 2, 2, 2, 1, 2, 1, 2, 2, 1, 1, 2, 2, 2
 | 2, 1, 2, 1, 2, 2, 2, 1, 2, 2, 1, 2, 2
 | 2, 2, 1, 2, 1, 2, 1, 1, 2, 2, 2, 1, 2
 | 1, 1, 2, 1, 1, 2, 2, 1, 1, 2, 1, 1, 1
 | 1, 1, 1, 2, 1, 1, 2, 2, 1, 1, 2, 1, 2
 | 1, 1, 1, 2, 2, 1, 1, 1, 2, 1, 2, 1, 2
 |];
travel = 
[| 0, 2, 1, 3, 0, 0, 7, 7, 0, 0, 3, 1, 2, 0
 | 1, 3, 2, 4, 4, 0, 0, 4, 3, 7, 0, 2, 2, 0
 | 1, 1, 1, 1, 0, 0, 6, 6, 5, 1, 4, 0, 0, 0
 | 0, 0, 0, 4, 1, 1, 2, 7, 7, 1, 1, 0, 6, 6
 | 5, 2, 7, 4, 1, 1, 2, 5, 2, 3, 1, 5, 4, 2
 | 0, 7, 1, 6, 5, 5, 0, 3, 4, 1, 0, 2, 2, 0
 | 1, 1, 6, 4, 4, 6, 1, 2, 7, 2, 1, 2, 5, 0
 | 0, 2, 2, 0, 5, 1, 6, 0, 0, 6, 6, 0, 0, 0
 | 3, 2, 5, 4, 2, 2, 5, 3, 6, 0, 1, 5, 3, 3
 | 3, 3, 1, 1, 2, 3, 3, 4, 5, 1, 6, 6, 1, 7
 | 5, 1, 4, 1, 1, 3, 3, 0, 2, 2, 1, 5, 3, 3
 | 0, 0, 4, 4, 0, 1, 1, 2, 0, 6, 6, 0, 0, 0
 | 0, 0, 0, 4, 4, 0, 6, 3, 5, 0, 5, 5, 3, 3
 | 0, 0, 0, 4, 3, 1, 0, 0, 4, 4, 3, 3, 1, 1
 |];
objective = 480;
% time elapsed: 2.60 s
----------
opponent = 
[|  2,  3,  4,  5,  6,  7,  8,  9, 10, 11, 12, 13, 14
 |  1,  4,  3,  6,  5,  8,  7, 12,  9, 10, 11, 14, 13
 |  4,  1,  2,  7,  8,  5, 11,  6, 12, 13, 14,  9, 10
 |  3,  2,  1,  8,  7,  6,  9, 13, 14,  5, 10, 11, 12
 |  6, 14,  9,  1,  2,  3, 13, 10, 11,  4,  8, 12,  7
 |  5, 13, 14,  2,  1,  4, 10,  3,  7, 12,  9,  8, 11
 | 11,  8, 12,  3,  4,  1,  2, 14,  6,  9, 13, 10,  5
 | 12,  7, 10,  4,  3,  2,  1, 11, 13, 14,  5,  6,  9
 | 14, 11,  5, 13, 10, 12,  4,  1,  2,  7,  6,  3,  8
 | 13, 12,  8, 14,  9, 11,  6,  5,  1,  2,  4,  7,  3
 |  7,  9, 13, 12, 14, 10,  3,  8,  5,  1,  2,  4,  6
 |  8, 10,  7, 11, 13,  9, 14,  2,  3,  6,  1,  5,  4
 | 10,  6, 11,  9, 12, 14,  5,  4,  8,  3,  7,  1,  2
 |  9,  5,  6, 10, 11, 13, 12,  7,  4,  8,  3,  2,  1
 |];
venue = 
[| 1, 2, 2, 1, 1, 1, 2, 1, 1, 1, 2, 2, 1
 | 2, 2, 1, 2, 1, 1, 1, 2, 2, 1, 1, 2, 1
 | 2, 1, 2, 1, 1, 1, 2, 1, 2, 2, 1, 1, 1
 | 1, 1, 1, 2, 2, 2, 1, 1, 1, 2, 1, 2, 2
 | 2, 2, 1, 2, 2, 2, 1, 2, 2, 1, 2, 2, 2
 | 1, 2, 2, 1, 2, 1, 1, 2, 2, 1, 1, 2, 1
 | 1, 2, 2, 2, 1, 2, 2, 2, 1, 2, 2, 2, 1
 | 1, 1, 2, 1, 2, 2, 1, 1, 1, 2, 1, 1, 1
 | 2, 2, 2, 1, 1, 2, 2, 2, 1, 1, 2, 2, 2
 | 2, 2, 1, 1, 2, 2, 2, 1, 2, 2, 2, 1, 2
 | 2, 1, 2, 2, 2, 1, 1, 2, 1, 2, 2, 1, 2
 | 2, 1, 1, 1, 2, 1, 2, 1, 1, 2, 1, 1, 1
 | 1, 1, 1, 2, 1, 1, 2, 2, 2, 1, 1, 1, 2
 | 1, 1, 1, 2, 1, 2, 1, 1, 2, 1, 2, 1, 2
 |];
travel = 
[| 0, 2, 1, 3, 0, 0, 7, 7, 0, 0, 3, 1, 2, 0
 | 1, 3, 2, 4, 4, 0, 0, 4, 3, 7, 0, 2, 2, 0
 | 1, 1, 1, 1, 0, 0, 6, 6, 5, 1, 4, 0, 0, 0
 | 0, 0, 0, 4, 1, 1, 2, 0, 0, 1, 1, 7, 1, 6
 | 1, 6, 5, 4, 1, 1, 2, 5, 1, 6, 3, 4, 5, 2
 | 0, 7, 1, 6, 5, 5, 0, 3, 4, 1, 0, 2, 2, 0
 | 0, 1, 4, 5, 4, 6, 1, 2, 7, 2, 4, 3, 3, 0
 | 0, 0, 2, 2, 5, 1, 6, 0, 0, 6, 6, 0, 0, 0
 | 5, 3, 6, 4, 0, 3, 6, 3, 6, 0, 3, 3, 5, 1
 | 3, 1, 2, 0, 1, 2, 5, 4, 5, 1, 2, 6, 7, 7
 | 4, 4, 2, 1, 2, 3, 0, 3, 3, 4, 1, 5, 5, 5
 | 4, 4, 0, 0, 1, 1, 2, 2, 0, 6, 6, 0, 0, 0
 | 0, 0, 0, 4, 4, 0, 6, 1, 4, 5, 0, 0, 3, 3
 | 0, 0, 0, 4, 4, 1, 1, 0, 4, 4, 3, 3, 1, 1
 |];
objective = 478;
% time elapsed: 2.70 s
----------
opponent = 
[|  2,  3,  4,  5,  6,  7,  8,  9, 10, 11, 12, 13, 14
 |  1,  4,  3,  6,  5,  8,  7, 12,  9, 10, 11, 14, 13
 |  4,  1,  2,  7,  8,  5, 11,  6, 12, 13, 14,  9, 10
 |  3,  2,  1,  8,  7,  6,  9, 13, 14,  5, 10, 11, 12
 |  7, 12,  9,  1,  2,  3, 13, 14, 11,  4,  6, 10,  8
 | 14, 13, 11,  2,  1,  4, 10,  3,  7, 12,  5,  8,  9
 |  5,  8, 14,  3,  4,  1,  2, 10,  6,  9, 13, 12, 11
 | 10,  7, 12,  4,  3,  2,  1, 11, 13, 14,  9,  6,  5
 | 12, 14,  5, 13, 11, 10,  4,  1,  2,  7,  8,  3,  6
 |  8, 11, 13, 14, 12,  9,  6,  7,  1,  2,  4,  5,  3
 | 13, 10,  6, 12,  9, 14,  3,  8,  5,  1,  2,  4,  7
 |  9,  5,  8, 11, 10, 13, 14,  2,  3,  6,  1,  7,  4
 | 11,  6, 10,  9, 14, 12,  5,  4,  8,  3,  7,  1,  2
 |  6,  9,  7, 10, 13, 11, 12,  5,  4,  8,  3,  2,  1
 |];
venue = 
[| 1, 2, 2, 1, 1, 1, 2, 1, 1, 1, 2, 2, 1
 | 2, 2, 1, 2, 1, 1, 1, 2, 2, 1, 1, 2, 1
 | 2, 1, 2, 1, 1, 1, 2, 1, 2, 2, 1, 1, 1
 | 1, 1, 1, 2, 2, 2, 1, 1, 1, 2, 1, 2, 2
 | 2, 2, 1, 2, 2, 2, 1, 2, 2, 1, 2, 2, 2
 | 2, 2, 1, 1, 2, 1, 1, 2, 2, 1, 1, 2, 1
 | 1, 2, 2, 2, 1, 2, 2, 2, 1, 2, 2, 2, 1
 | 2, 1, 1, 1, 2, 2, 1, 1, 1, 2, 1, 1, 1
 | 2, 2, 2, 1, 2, 1, 2, 2, 1, 1, 2, 2, 2
 | 1, 2, 2, 1, 2, 2, 2, 1, 2, 2, 2, 1, 2
 | 2, 1, 2, 2, 1, 2, 1, 2, 1, 2, 2, 1, 2
 | 1, 1, 2, 1, 1, 2, 2, 1, 1, 2, 1, 1, 1
 | 1, 1, 1, 2, 1, 1, 2, 2, 2, 1, 1, 1, 2
 | 1, 1, 1, 2, 2, 1, 1, 1, 2, 1, 2, 1, 2
 |];
travel = 
[| 0, 2, 1, 3, 0, 0, 7, 7, 0, 0, 3, 1, 2, 0
 | 1, 3, 2, 4, 4, 0, 0, 4, 3, 7, 0, 2, 2, 0
 | 1, 1, 1, 1, 0, 0, 6, 6, 5, 1, 4, 0, 0, 0
 | 0, 0, 0, 4, 1, 1, 2, 0, 0, 1, 1, 7, 1, 6
 | 2, 5, 7, 4, 1, 1, 2, 5, 3, 6, 1, 4, 2, 3
 | 6, 1, 7, 0, 5, 5, 0, 3, 4, 1, 0, 2, 2, 0
 | 0, 1, 6, 3, 4, 6, 1, 6, 3, 2, 4, 1, 5, 0
 | 2, 2, 0, 0, 5, 1, 6, 0, 0, 6, 6, 0, 0, 0
 | 3, 2, 5, 4, 2, 2, 5, 3, 6, 0, 1, 5, 3, 3
 | 0, 1, 2, 3, 2, 3, 3, 4, 5, 1, 2, 6, 7, 7
 | 2, 2, 5, 6, 1, 3, 3, 3, 3, 4, 1, 5, 4, 4
 | 0, 0, 4, 4, 0, 1, 1, 2, 0, 6, 6, 0, 0, 0
 | 0, 0, 0, 4, 4, 0, 6, 1, 4, 5, 0, 0, 3, 3
 | 0, 0, 0, 4, 3, 1, 0, 0, 4, 4, 3, 3, 1, 1
 |];
objective = 474;
% time elapsed: 2.75 s
----------
opponent = 
[|  2,  3,  4,  5,  6,  7,  8,  9, 10, 11, 12, 13, 14
 |  1,  4,  3,  6,  5,  8,  7, 12,  9, 10, 11, 14, 13
 |  4,  1,  2,  7,  8,  5, 11,  6, 12, 13, 14,  9, 10
 |  3,  2,  1,  8,  7,  6,  9, 13, 14,  5, 10, 12, 11
 |  7,  8,  9,  1,  2,  3, 13, 14, 11,  4,  6, 10, 12
 | 14, 13, 11,  2,  1,  4, 10,  3,  7, 12,  5,  8,  9
 |  5, 12, 14,  3,  4,  1,  2, 10,  6,  9, 13, 11,  8
 | 10,  5, 12,  4,  3,  2,  1, 11, 13, 14,  9,  6,  7
 | 12, 14,  5, 13, 10, 11,  4,  1,  2,  7,  8,  3,  6
 |  8, 11, 13, 14,  9, 12,  6,  7,  1,  2,  4,  5,  3
 | 13, 10,  6, 12, 14,  9,  3,  8,  5,  1,  2,  7,  4
 |  9,  7,  8, 11, 13, 10, 14,  2,  3,  6,  1,  4,  5
 | 11,  6, 10,  9, 12, 14,  5,  4,  8,  3,  7,  1,  2
 |  6,  9,  7, 10, 11, 13, 12,  5,  4,  8,  3,  2,  1
 |];
venue = 
[| 1, 2, 2, 1, 1, 1, 2, 1, 1, 1, 2, 2, 1
 | 2, 2, 1, 2, 1, 1, 1, 2, 2, 1, 1, 2, 1
 | 2, 1, 2, 1, 1, 1, 2, 1, 2, 2, 1, 1, 1
 | 1, 1, 1, 2, 2, 2, 1, 1, 1, 2, 1, 2, 2
 | 2, 2, 1, 2, 2, 2, 1, 2, 2, 1, 2, 2, 2
 | 2, 2, 1, 1, 2, 1, 1, 2, 2, 1, 1, 2, 1
 | 1, 2, 2, 2, 1, 2, 2, 2, 1, 2, 2, 1, 2
 | 2, 1, 1, 1, 2, 2, 1, 1, 1, 2, 1, 1, 1
 | 2, 2, 2, 1, 1, 2, 2, 2, 1, 1, 2, 2, 2
 | 1, 2, 2, 1, 2, 2, 2, 1, 2, 2, 2, 1, 2
 | 2, 1, 2, 2, 2, 1, 1, 2, 1, 2, 2, 2, 1
 | 1, 1, 2, 1, 2, 1, 2, 1, 1, 2, 1, 1, 1
 | 1, 1, 1, 2, 1, 1, 2, 2, 2, 1, 1, 1, 2
 | 1, 1, 1, 2, 1, 2, 1, 1, 2, 1, 2, 1, 2
 |];
travel = 
[| 0, 2, 1, 3, 0, 0, 7, 7, 0, 0, 3, 1, 2, 0
 | 1, 3, 2, 4, 4, 0, 0, 4, 3, 7, 0, 2, 2, 0
 | 1, 1, 1, 1, 0, 0, 6, 6, 5, 1, 4, 0, 0, 0
 | 0, 0, 0, 4, 1, 1, 2, 0, 0, 1, 1, 6, 1, 7
 | 2, 1, 3, 4, 1, 1, 2, 5, 3, 6, 1, 4, 2, 7
 | 6, 1, 7, 0, 5, 5, 0, 3, 4, 1, 0, 2, 2, 0
 | 0, 5, 2, 3, 4, 6, 1, 6, 3, 2, 4, 6, 1, 1
 | 2, 2, 0, 0, 5, 1, 6, 0, 0, 6, 6, 0, 0, 0
 | 3, 2, 5, 4, 0, 2, 7, 3, 6, 0, 1, 5, 3, 3
 | 0, 1, 2, 3, 1, 3, 6, 4, 5, 1, 2, 6, 7, 7
 | 2, 2, 5, 6, 2, 3, 0, 3, 3, 4, 1, 5, 4, 0
 | 0, 0, 4, 4, 1, 1, 2, 2, 0, 6, 6, 0, 0, 0
 | 0, 0, 0, 4, 4, 0, 6, 1, 4, 5, 0, 0, 3, 3
 | 0, 0, 0, 4, 4, 1, 1, 0, 4, 4, 3, 3, 1, 1
 |];
objective = 472;
% time elapsed: 3.11 s
----------
opponent = 
[|  2,  3,  4,  5,  6,  7,  8,  9, 10, 11, 12, 13, 14
 |  1,  4,  3,  6,  5,  8,  7, 12,  9, 10, 11, 14, 13
 |  4,  1,  2,  7,  8,  5, 11,  6, 12, 13, 14,  9, 10
 |  3,  2,  1,  8,  7,  6,  9, 13, 14,  5, 10, 12, 11
 |  7,  8,  9,  1,  2,  3, 13, 14, 11,  4,  6, 10, 12
 | 14, 13, 11,  2,  1,  4, 10,  3,  7, 12,  5,  8,  9
 |  5, 12, 14,  3,  4,  1,  2, 10,  6,  9, 13, 11,  8
 | 10,  5, 12,  4,  3,  2,  1, 11, 13, 14,  9,  6,  7
 | 12, 14,  5, 13, 11, 10,  4,  1,  2,  7,  8,  3,  6
 |  8, 11, 13, 14, 12,  9,  6,  7,  1,  2,  4,  5,  3
 | 13, 10,  6, 12,  9, 14,  3,  8,  5,  1,  2,  7,  4
 |  9,  7,  8, 11, 10, 13, 14,  2,  3,  6,  1,  4,  5
 | 11,  6, 10,  9, 14, 12,  5,  4,  8,  3,  7,  1,  2
 |  6,  9,  7, 10, 13, 11, 12,  5,  4,  8,  3,  2,  1
 |];
venue = 
[| 1, 2, 2, 1, 1, 1, 2, 1, 1, 1, 2, 2, 1
 | 2, 2, 1, 2, 1, 1, 1, 2, 2, 1, 1, 2, 1
 | 2, 1, 2, 1, 1, 1, 2, 1, 2, 2, 1, 1, 1
 | 1, 1, 1, 2, 2, 2, 1, 1, 1, 2, 1, 2, 2
 | 2, 2, 1, 2, 2, 2, 1, 2, 2, 1, 2, 2, 2
 | 2, 2, 1, 1, 2, 1, 1, 2, 2, 1, 1, 2, 1
 | 1, 2, 2, 2, 1, 2, 2, 2, 1, 2, 2, 1, 2
 | 2, 1, 1, 1, 2, 2, 1, 1, 1, 2, 1, 1, 1
 | 2, 2, 2, 1, 2, 1, 2, 2, 1, 1, 2, 2, 2
 | 1, 2, 2, 1, 2, 2, 2, 1, 2, 2, 2, 1, 2
 | 2, 1, 2, 2, 1, 2, 1, 2, 1, 2, 2, 2, 1
 | 1, 1, 2, 1, 1, 2, 2, 1, 1, 2, 1, 1, 1
 | 1, 1, 1, 2, 1, 1, 2, 2, 2, 1, 1, 1, 2
 | 1, 1, 1, 2, 2, 1, 1, 1, 2, 1, 2, 1, 2
 |];
travel = 
[| 0, 2, 1, 3, 0, 0, 7, 7, 0, 0, 3, 1, 2, 0
 | 1, 3, 2, 4, 4, 0, 0, 4, 3, 7, 0, 2, 2, 0
 | 1, 1, 1, 1, 0, 0, 6, 6, 5, 1, 4, 0, 0, 0
 | 0, 0, 0, 4, 1, 1, 2, 0, 0, 1, 1, 6, 1, 7
 | 2, 1, 3, 4, 1, 1, 2, 5, 3, 6, 1, 4, 2, 7
 | 6, 1, 7, 0, 5, 5, 0, 3, 4, 1, 0, 2, 2, 0
 | 0, 5, 2, 3, 4, 6, 1, 6, 3, 2, 4, 6, 1, 1
 | 2, 2, 0, 0, 5, 1, 6, 0, 0, 6, 6, 0, 0, 0
 | 3, 2, 5, 4, 2, 2, 5, 3, 6, 0, 1, 5, 3, 3
 | 0, 1, 2, 3, 2, 3, 3, 4, 5, 1, 2, 6, 7, 7
 | 2, 2, 5, 6, 1, 3, 3, 3, 3, 4, 1, 5, 4, 0
 | 0, 0, 4, 4, 0, 1, 1, 2, 0, 6, 6, 0, 0, 0
 | 0, 0, 0, 4, 4, 0, 6, 1, 4, 5, 0, 0, 3, 3
 | 0, 0, 0, 4, 3, 1, 0, 0, 4, 4, 3, 3, 1, 1
 |];
objective = 468;
% time elapsed: 3.14 s
----------
opponent = 
[|  2,  3,  4,  5,  6,  7,  8,  9, 10, 11, 12, 13, 14
 |  1,  4,  3,  6,  5,  8,  7, 12,  9, 10, 11, 14, 13
 |  4,  1,  2,  7,  8,  5, 11,  6, 12, 13, 14,  9, 10
 |  3,  2,  1,  8,  7,  9,  6, 13, 14,  5, 10, 12, 11
 | 12, 14, 13,  1,  2,  3,  9, 10, 11,  4,  7,  6,  8
 |  8, 11, 10,  2,  1, 14,  4,  3,  7, 12, 13,  5,  9
 | 11, 13, 14,  3,  4,  1,  2,  8,  6,  9,  5, 10, 12
 |  6, 10, 12,  4,  3,  2,  1,  7, 13, 14,  9, 11,  5
 | 14, 12, 11, 13, 10,  4,  5,  1,  2,  7,  8,  3,  6
 | 13,  8,  6, 14,  9, 11, 12,  5,  1,  2,  4,  7,  3
 |  7,  6,  9, 12, 13, 10,  3, 14,  5,  1,  2,  8,  4
 |  5,  9,  8, 11, 14, 13, 10,  2,  3,  6,  1,  4,  7
 | 10,  7,  5,  9, 11, 12, 14,  4,  8,  3,  6,  1,  2
 |  9,  5,  7, 10, 12,  6, 13, 11,  4,  8,  3,  2,  1
 |];
venue = 
[| 1, 2, 2, 1, 1, 1, 2, 1, 1, 1, 2, 2, 1
 | 2, 2, 1, 2, 1, 1, 1, 2, 2, 1, 1, 2, 1
 | 2, 1, 2, 1, 1, 1, 2, 1, 2, 2, 1, 1, 1
 | 1, 1, 1, 2, 2, 1, 2, 1, 1, 2, 1, 2, 2
 | 2, 2, 1, 2, 2, 2, 1, 2, 2, 1, 2, 2, 2
 | 2, 1, 1, 1, 2, 2, 1, 2, 2, 1, 2, 1, 1
 | 1, 2, 2, 2, 1, 2, 2, 2, 1, 2, 1, 2, 2
 | 1, 2, 1, 1, 2, 2, 1, 1, 1, 2, 1, 1, 1
 | 2, 2, 2, 1, 1, 2, 2, 2, 1, 1, 2, 2, 2
 | 2, 1, 2, 1, 2, 2, 2, 1, 2, 2, 2, 1, 2
 | 2, 2, 1, 2, 2, 1, 1, 2, 1, 2, 2, 2, 1
 | 1, 1, 2, 1, 2, 2, 1, 1, 1, 2, 1, 1, 1
 | 1, 1, 2, 2, 1, 1, 1, 2, 2, 1, 1, 1, 2
 | 1, 1, 1, 2, 1, 1, 2, 1, 2, 1, 2, 1, 2
 |];
travel = 
[| 0, 2, 1, 3, 0, 0, 7, 7, 0, 0, 3, 1, 2, 0
 | 1, 3, 2, 4, 4, 0, 0, 4, 3, 7, 0, 2, 2, 0
 | 1, 1, 1, 1, 0, 0, 6, 6, 5, 1, 4, 0, 0, 0
 | 0, 0, 0, 4, 1, 3, 2, 2, 0, 1, 1, 6, 1, 7
 | 7, 2, 5, 4, 1, 1, 2, 5, 1, 6, 2, 1, 2, 3
 | 2, 2, 0, 0, 5, 1, 6, 3, 4, 1, 7, 7, 0, 0
 | 0, 6, 1, 3, 4, 6, 1, 6, 1, 2, 2, 3, 2, 5
 | 0, 2, 2, 0, 5, 1, 6, 0, 0, 6, 6, 0, 0, 0
 | 5, 2, 1, 2, 0, 5, 1, 4, 6, 0, 1, 5, 3, 3
 | 3, 3, 4, 4, 1, 2, 1, 2, 5, 1, 2, 6, 7, 7
 | 4, 1, 5, 1, 1, 2, 0, 3, 3, 4, 1, 6, 3, 0
 | 0, 0, 4, 4, 2, 1, 1, 0, 0, 6, 6, 0, 0, 0
 | 0, 0, 6, 4, 4, 0, 0, 5, 4, 5, 0, 0, 3, 3
 | 0, 0, 0, 4, 4, 0, 1, 1, 4, 4, 3, 3, 1, 1
 |];
objective = 466;
% time elapsed: 37.60 s
----------
opponent = 
[|  2,  3,  4,  5,  6,  7,  8,  9, 10, 11, 12, 13, 14
 |  1,  4,  3,  6,  5,  8,  7, 12,  9, 10, 11, 14, 13
 |  4,  1,  2,  7,  8,  5, 11,  6, 12, 13, 14,  9, 10
 |  3,  2,  1,  8,  7,  9,  6, 14, 13,  5, 10, 11, 12
 | 12, 14, 13,  1,  2,  3,  9, 11,  8,  4,  6, 10,  7
 | 13, 11, 10,  2,  1, 14,  4,  3,  7, 12,  5,  8,  9
 | 11,  8, 14,  3,  4,  1,  2, 10,  6,  9, 13, 12,  5
 | 10,  7, 12,  4,  3,  2,  1, 13,  5, 14,  9,  6, 11
 | 14, 12, 11, 13, 10,  4,  5,  1,  2,  7,  8,  3,  6
 |  8, 13,  6, 14,  9, 11, 12,  7,  1,  2,  4,  5,  3
 |  7,  6,  9, 12, 13, 10,  3,  5, 14,  1,  2,  4,  8
 |  5,  9,  8, 11, 14, 13, 10,  2,  3,  6,  1,  7,  4
 |  6, 10,  5,  9, 11, 12, 14,  8,  4,  3,  7,  1,  2
 |  9,  5,  7, 10, 12,  6, 13,  4, 11,  8,  3,  2,  1
 |];
venue = 
[| 1, 2, 2, 1, 1, 1, 2, 1, 1, 1, 2, 2, 1
 | 2, 2, 1, 2, 1, 1, 1, 2, 2, 1, 1, 2, 1
 | 2, 1, 2, 1, 1, 1, 2, 1, 2, 2, 1, 1, 1
 | 1, 1, 1, 2, 2, 1, 2, 1, 1, 2, 1, 2, 2
 | 2, 2, 1, 2, 2, 2, 1, 2, 2, 1, 2, 2, 2
 | 2, 1, 1, 1, 2, 2, 1, 2, 2, 1, 1, 2, 1
 | 1, 2, 2, 2, 1, 2, 2, 2, 1, 2, 2, 2, 1
 | 2, 1, 1, 1, 2, 2, 1, 1, 1, 2, 1, 1, 1
 | 2, 2, 2, 1, 1, 2, 2, 2, 1, 1, 2, 2, 2
 | 1, 2, 2, 1, 2, 2, 2, 1, 2, 2, 2, 1, 2
 | 2, 2, 1, 2, 2, 1, 1, 1, 2, 2, 2, 1, 2
 | 1, 1, 2, 1, 2, 2, 1, 1, 1, 2, 1, 1, 1
 | 1, 1, 2, 2, 1, 1, 1, 2, 2, 1, 1, 1, 2
 | 1, 1, 1, 2, 1, 1, 2, 2, 1, 1, 2, 1, 2
 |];
travel = 
[| 0, 2, 1, 3, 0, 0, 7, 7, 0, 0, 3, 1, 2, 0
 | 1, 3, 2, 4, 4, 0, 0, 4, 3, 7, 0, 2, 2, 0
 | 1, 1, 1, 1, 0, 0, 6, 6, 5, 1, 4, 0, 0, 0
 | 0, 0, 0, 4, 1, 3, 2, 2, 0, 1, 1, 7, 1, 6
 | 7, 2, 5, 4, 1, 1, 2, 6, 3, 3, 1, 4, 3, 2
 | 7, 7, 0, 0, 5, 1, 6, 3, 4, 1, 0, 2, 2, 0
 | 0, 1, 6, 3, 4, 6, 1, 6, 3, 2, 4, 1, 5, 0
 | 2, 2, 0, 0, 5, 1, 6, 0, 0, 6, 6, 0, 0, 0
 | 5, 2, 1, 2, 0, 5, 1, 4, 6, 0, 1, 5, 3, 3
 | 0, 3, 7, 4, 1, 2, 1, 2, 5, 1, 2, 6, 7, 7
 | 4, 1, 5, 1, 1, 2, 0, 0, 3, 1, 1, 5, 3, 3
 | 0, 0, 4, 4, 2, 1, 1, 0, 0, 6, 6, 0, 0, 0
 | 0, 0, 6, 4, 4, 0, 0, 5, 4, 5, 0, 0, 3, 3
 | 0, 0, 0, 4, 4, 0, 1, 5, 4, 0, 3, 3, 1, 1
 |];
objective = 464;
% time elapsed: 43.63 s
----------
opponent = 
[|  2,  3,  4,  5,  6,  7,  8,  9, 10, 11, 12, 13, 14
 |  1,  4,  3,  6,  5,  8,  7, 12,  9, 10, 11, 14, 13
 |  4,  1,  2,  7,  8,  5, 11,  6, 12, 13, 14,  9, 10
 |  3,  2,  1,  8,  7, 10,  5, 13, 14,  9,  6, 11, 12
 | 12, 14, 13,  1,  2,  3,  4,  8, 11,  7,  9, 10,  6
 | 13, 11,  9,  2,  1, 14, 10,  3,  7, 12,  4,  8,  5
 | 11, 13, 14,  3,  4,  1,  2, 10,  6,  5,  8, 12,  9
 | 10,  9, 12,  4,  3,  2,  1,  5, 13, 14,  7,  6, 11
 | 14,  8,  6, 13, 10, 11, 12,  1,  2,  4,  5,  3,  7
 |  8, 12, 11, 14,  9,  4,  6,  7,  1,  2, 13,  5,  3
 |  7,  6, 10, 12, 13,  9,  3, 14,  5,  1,  2,  4,  8
 |  5, 10,  8, 11, 14, 13,  9,  2,  3,  6,  1,  7,  4
 |  6,  7,  5,  9, 11, 12, 14,  4,  8,  3, 10,  1,  2
 |  9,  5,  7, 10, 12,  6, 13, 11,  4,  8,  3,  2,  1
 |];
venue = 
[| 1, 2, 2, 1, 1, 1, 2, 1, 1, 1, 2, 2, 1
 | 2, 2, 1, 2, 1, 1, 1, 2, 2, 1, 1, 2, 1
 | 2, 1, 2, 1, 1, 1, 2, 1, 2, 2, 1, 1, 1
 | 1, 1, 1, 2, 2, 1, 2, 1, 1, 1, 2, 2, 2
 | 2, 2, 1, 2, 2, 2, 1, 2, 2, 2, 1, 2, 2
 | 2, 1, 1, 1, 2, 2, 1, 2, 2, 1, 1, 2, 1
 | 1, 2, 2, 2, 1, 2, 2, 2, 1, 1, 2, 2, 2
 | 2, 1, 1, 1, 2, 2, 1, 1, 1, 2, 1, 1, 1
 | 2, 2, 2, 1, 1, 2, 2, 2, 1, 2, 2, 2, 1
 | 1, 2, 2, 1, 2, 2, 2, 1, 2, 2, 2, 1, 2
 | 2, 2, 1, 2, 2, 1, 1, 2, 1, 2, 2, 1, 2
 | 1, 1, 2, 1, 2, 2, 1, 1, 1, 2, 1, 1, 1
 | 1, 1, 2, 2, 1, 1, 1, 2, 2, 1, 1, 1, 2
 | 1, 1, 1, 2, 1, 1, 2, 1, 2, 1, 2, 1, 2
 |];
travel = 
[| 0, 2, 1, 3, 0, 0, 7, 7, 0, 0, 3, 1, 2, 0
 | 1, 3, 2, 4, 4, 0, 0, 4, 3, 7, 0, 2, 2, 0
 | 1, 1, 1, 1, 0, 0, 6, 6, 5, 1, 4, 0, 0, 0
 | 0, 0, 0, 4, 1, 3, 1, 1, 0, 0, 2, 5, 1, 6
 | 7, 2, 5, 4, 1, 1, 2, 3, 3, 4, 2, 5, 4, 1
 | 7, 7, 0, 0, 5, 1, 6, 3, 4, 1, 0, 2, 2, 0
 | 0, 6, 1, 3, 4, 6, 1, 6, 3, 0, 1, 4, 3, 2
 | 2, 2, 0, 0, 5, 1, 6, 0, 0, 6, 6, 0, 0, 0
 | 5, 6, 2, 3, 0, 2, 1, 3, 6, 5, 1, 2, 6, 0
 | 0, 2, 1, 1, 1, 5, 2, 4, 5, 1, 3, 3, 7, 7
 | 4, 1, 5, 1, 1, 2, 0, 3, 3, 4, 1, 5, 3, 3
 | 0, 0, 4, 4, 2, 1, 1, 0, 0, 6, 6, 0, 0, 0
 | 0, 0, 6, 4, 4, 0, 0, 5, 4, 5, 0, 0, 3, 3
 | 0, 0, 0, 4, 4, 0, 1, 1, 4, 4, 3, 3, 1, 1
 |];
objective = 462;
% time elapsed: 70.90 s
----------
opponent = 
[|  2,  3,  4,  5,  6,  7,  8,  9, 10, 11, 12, 13, 14
 |  1,  4,  3,  6,  5,  8,  7, 12,  9, 10, 11, 14, 13
 |  4,  1,  2,  7,  8,  5, 11,  6, 12, 13, 14,  9, 10
 |  3,  2,  1,  8,  7, 10,  5, 14, 13,  9,  6, 11, 12
 | 12, 14, 13,  1,  2,  3,  4, 11,  8,  7,  9, 10,  6
 |  7,  9, 11,  2,  1, 13, 10,  3, 14, 12,  4,  8,  5
 |  6, 13, 14,  3,  4,  1,  2, 10, 11,  5,  8, 12,  9
 | 10, 12,  9,  4,  3,  2,  1, 13,  5, 14,  7,  6, 11
 | 14,  6,  8, 13, 10, 11, 12,  1,  2,  4,  5,  3,  7
 |  8, 11, 12, 14,  9,  4,  6,  7,  1,  2, 13,  5,  3
 | 13, 10,  6, 12, 14,  9,  3,  5,  7,  1,  2,  4,  8
 |  5,  8, 10, 11, 13, 14,  9,  2,  3,  6,  1,  7,  4
 | 11,  7,  5,  9, 12,  6, 14,  8,  4,  3, 10,  1,  2
 |  9,  5,  7, 10, 11, 12, 13,  4,  6,  8,  3,  2,  1
 |];
venue = 
[| 1, 2, 2, 1, 1, 1, 2, 1, 1, 1, 2, 2, 1
 | 2, 2, 1, 2, 1, 1, 1, 2, 2, 1, 1, 2, 1
 | 2, 1, 2, 1, 1, 1, 2, 1, 2, 2, 1, 1, 1
 | 1, 1, 1, 2, 2, 1, 2, 1, 1, 1, 2, 2, 2
 | 2, 2, 1, 2, 2, 2, 1, 2, 2, 2, 1, 2, 2
 | 2, 1, 1, 1, 2, 2, 1, 2, 2, 1, 1, 2, 1
 | 1, 2, 2, 2, 1, 2, 2, 2, 1, 1, 2, 2, 2
 | 2, 1, 1, 1, 2, 2, 1, 1, 1, 2, 1, 1, 1
 | 2, 2, 2, 1, 1, 2, 2, 2, 1, 2, 2, 2, 1
 | 1, 2, 2, 1, 2, 2, 2, 1, 2, 2, 2, 1, 2
 | 2, 1, 2, 2, 2, 1, 1, 1, 2, 2, 2, 1, 2
 | 1, 2, 1, 1, 2, 2, 1, 1, 1, 2, 1, 1, 1
 | 1, 1, 2, 2, 1, 1, 1, 2, 2, 1, 1, 1, 2
 | 1, 1, 1, 2, 1, 1, 2, 2, 1, 1, 2, 1, 2
 |];
travel = 
[| 0, 2, 1, 3, 0, 0, 7, 7, 0, 0, 3, 1, 2, 0
 | 1, 3, 2, 4, 4, 0, 0, 4, 3, 7, 0, 2, 2, 0
 | 1, 1, 1, 1, 0, 0, 6, 6, 5, 1, 4, 0, 0, 0
 | 0, 0, 0, 4, 1, 3, 1, 1, 0, 0, 2, 5, 1, 6
 | 7, 2, 5, 4, 1, 1, 2, 6, 3, 1, 2, 5, 4, 1
 | 1, 1, 0, 0, 5, 2, 7, 3, 3, 6, 0, 2, 2, 0
 | 0, 6, 1, 3, 4, 6, 1, 6, 3, 0, 1, 4, 3, 2
 | 2, 2, 0, 0, 5, 1, 6, 0, 0, 6, 6, 0, 0, 0
 | 5, 6, 2, 1, 0, 2, 1, 3, 6, 5, 1, 2, 6, 0
 | 0, 1, 1, 2, 1, 5, 2, 4, 5, 1, 3, 3, 7, 7
 | 2, 2, 5, 6, 2, 3, 0, 0, 4, 6, 1, 5, 3, 3
 | 0, 4, 4, 0, 1, 1, 2, 0, 0, 6, 6, 0, 0, 0
 | 0, 0, 6, 4, 4, 0, 0, 5, 4, 5, 0, 0, 3, 3
 | 0, 0, 0, 4, 4, 0, 1, 5, 4, 0, 3, 3, 1, 1
 |];
objective = 460;
% time elapsed: 75.62 s
----------
opponent = 
[|  2,  3,  4,  5,  6,  7,  8,  9, 10, 11, 12, 13, 14
 |  1,  4,  3,  6,  5,  8,  7, 12,  9, 10, 11, 14, 13
 |  4,  1,  2,  7,  8,  5, 11,  6, 12, 13, 14,  9, 10
 |  3,  2,  1,  8,  7, 10,  5, 14, 13,  9,  6, 11, 12
 | 12, 14, 13,  1,  2,  3,  4, 11,  8,  7,  9, 10,  6
 |  7, 11,  9,  2,  1, 13, 10,  3, 14, 12,  4,  8,  5
 |  6, 13, 14,  3,  4,  1,  2, 10, 11,  5,  8, 12,  9
 | 10,  9, 12,  4,  3,  2,  1, 13,  5, 14,  7,  6, 11
 | 11,  8,  6, 13, 10, 12, 14,  1,  2,  4,  5,  3,  7
 |  8, 12, 11, 14,  9,  4,  6,  7,  1,  2, 13,  5,  3
 |  9,  6, 10, 12, 13, 14,  3,  5,  7,  1,  2,  4,  8
 |  5, 10,  8, 11, 14,  9, 13,  2,  3,  6,  1,  7,  4
 | 14,  7,  5,  9, 11,  6, 12,  8,  4,  3, 10,  1,  2
 | 13,  5,  7, 10, 12, 11,  9,  4,  6,  8,  3,  2,  1
 |];
venue = 
[| 1, 2, 2, 1, 1, 1, 2, 1, 1, 1, 2, 2, 1
 | 2, 2, 1, 2, 1, 1, 1, 2, 2, 1, 1, 2, 1
 | 2, 1, 2, 1, 1, 1, 2, 1, 2, 2, 1, 1, 1
 | 1, 1, 1, 2, 2, 1, 2, 1, 1, 1, 2, 2, 2
 | 2, 2, 1, 2, 2, 2, 1, 2, 2, 2, 1, 2, 2
 | 2, 1, 1, 1, 2, 2, 1, 2, 2, 1, 1, 2, 1
 | 1, 2, 2, 2, 1, 2, 2, 2, 1, 1, 2, 2, 2
 | 2, 1, 1, 1, 2, 2, 1, 1, 1, 2, 1, 1, 1
 | 2, 2, 2, 1, 1, 2, 2, 2, 1, 2, 2, 2, 1
 | 1, 2, 2, 1, 2, 2, 2, 1, 2, 2, 2, 1, 2
 | 1, 2, 1, 2, 2, 2, 1, 1, 2, 2, 2, 1, 2
 | 1, 1, 2, 1, 2, 1, 2, 1, 1, 2, 1, 1, 1
 | 1, 1, 2, 2, 1, 1, 1, 2, 2, 1, 1, 1, 2
 | 2, 1, 1, 2, 1, 1, 1, 2, 1, 1, 2, 1, 2
 |];
travel = 
[| 0, 2, 1, 3, 0, 0, 7, 7, 0, 0, 3, 1, 2, 0
 | 1, 3, 2, 4, 4, 0, 0, 4, 3, 7, 0, 2, 2, 0
 | 1, 1, 1, 1, 0, 0, 6, 6, 5, 1, 4, 0, 0, 0
 | 0, 0, 0, 4, 1, 3, 1, 1, 0, 0, 2, 5, 1, 6
 | 7, 2, 5, 4, 1, 1, 2, 6, 3, 1, 2, 5, 4, 1
 | 1, 1, 0, 0, 5, 2, 7, 3, 3, 6, 0, 2, 2, 0
 | 0, 6, 1, 3, 4, 6, 1, 6, 3, 0, 1, 4, 3, 2
 | 2, 2, 0, 0, 5, 1, 6, 0, 0, 6, 6, 0, 0, 0
 | 2, 3, 2, 3, 0, 3, 2, 1, 6, 5, 1, 2, 6, 0
 | 0, 2, 1, 1, 1, 5, 2, 4, 5, 1, 3, 3, 7, 7
 | 0, 5, 5, 1, 1, 1, 3, 0, 4, 6, 1, 5, 3, 3
 | 0, 0, 4, 4, 2, 2, 1, 1, 0, 6, 6, 0, 0, 0
 | 0, 0, 6, 4, 4, 0, 0, 5, 4, 5, 0, 0, 3, 3
 | 1, 1, 0, 4, 4, 0, 0, 4, 4, 0, 3, 3, 1, 1
 |];
objective = 454;
% time elapsed: 75.66 s
----------
% Pruned 49988 learnt clauses
% Pruned 49987 learnt clauses
% Pruned 49985 learnt clauses
% Pruned 49993 learnt clauses
% Pruned 49984 learnt clauses
% Pruned 49986 learnt clauses
% Pruned 49986 learnt clauses
% Pruned 49985 learnt clauses
% Pruned 49998 learnt clauses
% Pruned 49994 learnt clauses
% Pruned 49993 learnt clauses
% Pruned 49994 learnt clauses
% Pruned 49994 learnt clauses
% Pruned 49991 learnt clauses
% Pruned 49990 learnt clauses
% Pruned 49990 learnt clauses
% Pruned 49997 learnt clauses
% Pruned 49996 learnt clauses
% Pruned 49987 learnt clauses
% Pruned 49976 learnt clauses
% Pruned 49988 learnt clauses
% Pruned 49989 learnt clauses
% Pruned 49983 learnt clauses
% Pruned 49987 learnt clauses
% Pruned 49983 learnt clauses
% Pruned 49990 learnt clauses
% Pruned 49989 learnt clauses
% Pruned 49989 learnt clauses
% Pruned 49987 learnt clauses
% Pruned 49988 learnt clauses
% Pruned 49987 learnt clauses
% Pruned 49980 learnt clauses
% Pruned 49998 learnt clauses
% Pruned 49992 learnt clauses
% Pruned 49985 learnt clauses
% Pruned 49991 learnt clauses
% Pruned 49985 learnt clauses
% Pruned 49984 learnt clauses
% Pruned 49997 learnt clauses
% Time limit exceeded!
%%%mzn-stat: nodes=2019307
%%%mzn-stat: failures=2003036
%%%mzn-stat: restarts=20
%%%mzn-stat: variables=88754
%%%mzn-stat: intVars=1261
%%%mzn-stat: boolVariables=87491
%%%mzn-stat: propagators=1613
%%%mzn-stat: propagations=931933682
%%%mzn-stat: peakDepth=66
%%%mzn-stat: nogoods=2003036
%%%mzn-stat: backjumps=15002
%%%mzn-stat: peakMem=0.00
%%%mzn-stat: time=3600.497
%%%mzn-stat: initTime=0.495
%%%mzn-stat: solveTime=3600.002
%%%mzn-stat: objective=454
%%%mzn-stat: optTime=74.152
%%%mzn-stat: baseMem=0.00
%%%mzn-stat: trailMem=0.19
%%%mzn-stat: randomSeed=7
%%%mzn-stat: nSolutions=20
%%%mzn-stat-end
