% Generated FlatZinc statistics:
%%%mzn-stat: paths=0
%%%mzn-stat: flatBoolVars=2280
%%%mzn-stat: flatIntVars=2261
%%%mzn-stat: flatBoolConstraints=1520
%%%mzn-stat: flatIntConstraints=4201
%%%mzn-stat: evaluatedHalfReifiedConstraints=2280
%%%mzn-stat: method="minimize"
%%%mzn-stat: flatTime=1.37059
%%%mzn-stat-end
opponent = 
[|  2,  3,  4,  5,  6,  9,  7,  8, 10, 11, 12, 17, 13, 14, 15, 20, 16, 18, 19
 |  1,  4,  3,  6,  5,  7,  8,  9, 11, 10, 13, 12, 14, 15, 16, 17, 18, 19, 20
 |  4,  1,  2,  7,  8,  5,  6, 10,  9, 12, 11, 13, 15, 17, 14, 16, 19, 20, 18
 |  3,  2,  1,  9,  7,  6,  5, 12,  8, 13, 10, 14, 11, 16, 18, 19, 20, 15, 17
 |  6,  7,  8,  1,  2,  3,  4, 11, 12,  9, 15, 10, 18, 19, 20, 14, 17, 16, 13
 |  5,  8,  7,  2,  1,  4,  3, 13, 14, 15,  9, 18, 10, 20, 19, 11, 12, 17, 16
 |  9,  5,  6,  3,  4,  2,  1, 16, 19,  8, 14, 11, 20, 18, 17, 10, 13, 12, 15
 | 10,  6,  5, 16,  3, 17,  2,  1,  4,  7, 18, 20, 19,  9, 12, 13, 15, 11, 14
 |  7, 12, 17,  4, 18,  1, 20,  2,  3,  5,  6, 19, 16,  8, 11, 15, 14, 13, 10
 |  8, 15, 16, 17, 20, 18, 19,  3,  1,  2,  4,  5,  6, 12, 13,  7, 11, 14,  9
 | 14, 16, 18, 20, 15, 19, 17,  5,  2,  1,  3,  7,  4, 13,  9,  6, 10,  8, 12
 | 15,  9, 19, 14, 16, 20, 13,  4,  5,  3,  1,  2, 17, 10,  8, 18,  6,  7, 11
 | 20, 17, 14, 18, 19, 15, 12,  6, 16,  4,  2,  3,  1, 11, 10,  8,  7,  9,  5
 | 11, 18, 13, 12, 17, 16, 15, 20,  6, 19,  7,  4,  2,  1,  3,  5,  9, 10,  8
 | 12, 10, 20, 19, 11, 13, 14, 18, 17,  6,  5, 16,  3,  2,  1,  9,  8,  4,  7
 | 17, 11, 10,  8, 12, 14, 18,  7, 13, 20, 19, 15,  9,  4,  2,  3,  1,  5,  6
 | 16, 13,  9, 10, 14,  8, 11, 19, 15, 18, 20,  1, 12,  3,  7,  2,  5,  6,  4
 | 19, 14, 11, 13,  9, 10, 16, 15, 20, 17,  8,  6,  5,  7,  4, 12,  2,  1,  3
 | 18, 20, 12, 15, 13, 11, 10, 17,  7, 14, 16,  9,  8,  5,  6,  4,  3,  2,  1
 | 13, 19, 15, 11, 10, 12,  9, 14, 18, 16, 17,  8,  7,  6,  5,  1,  4,  3,  2
 |];
venue = 
[| 2, 1, 2, 2, 2, 1, 2, 2, 1, 1, 1, 2, 1, 1, 1, 2, 1, 1, 1
 | 1, 2, 2, 1, 1, 2, 2, 1, 1, 2, 1, 1, 2, 2, 1, 2, 1, 2, 1
 | 2, 2, 1, 2, 2, 1, 1, 2, 2, 2, 1, 1, 1, 2, 1, 1, 1, 2, 1
 | 1, 1, 1, 2, 1, 1, 2, 2, 1, 2, 1, 2, 1, 2, 1, 1, 1, 2, 2
 | 2, 2, 1, 1, 2, 2, 1, 2, 1, 2, 2, 2, 1, 2, 2, 1, 2, 2, 2
 | 1, 1, 2, 2, 1, 2, 2, 1, 2, 1, 1, 2, 1, 2, 1, 2, 1, 1, 1
 | 2, 1, 1, 1, 2, 1, 1, 1, 2, 1, 1, 2, 1, 1, 1, 2, 1, 2, 1
 | 1, 2, 2, 2, 1, 2, 1, 1, 2, 2, 1, 2, 2, 1, 2, 1, 2, 1, 2
 | 1, 1, 2, 1, 1, 2, 1, 2, 1, 1, 2, 1, 1, 2, 1, 1, 2, 2, 2
 | 2, 1, 1, 1, 2, 1, 1, 1, 2, 1, 2, 1, 2, 1, 1, 1, 2, 2, 1
 | 2, 1, 1, 1, 2, 1, 1, 1, 2, 2, 2, 1, 2, 2, 2, 1, 1, 2, 2
 | 2, 2, 1, 1, 1, 2, 1, 1, 2, 1, 2, 2, 1, 2, 1, 2, 2, 1, 1
 | 1, 1, 2, 2, 1, 2, 2, 2, 1, 1, 2, 2, 2, 1, 2, 2, 2, 1, 1
 | 1, 1, 1, 2, 1, 1, 2, 1, 1, 1, 2, 1, 1, 2, 2, 2, 1, 1, 1
 | 1, 2, 2, 2, 1, 1, 1, 2, 1, 2, 1, 1, 2, 1, 2, 2, 1, 1, 2
 | 2, 2, 2, 1, 2, 2, 1, 2, 2, 1, 2, 2, 2, 1, 2, 2, 2, 1, 2
 | 1, 2, 1, 2, 2, 1, 2, 2, 2, 1, 1, 1, 2, 1, 2, 1, 1, 2, 1
 | 2, 2, 2, 1, 2, 2, 2, 1, 2, 2, 2, 1, 2, 2, 2, 1, 2, 2, 2
 | 1, 2, 2, 1, 2, 2, 2, 1, 1, 2, 1, 2, 1, 1, 2, 2, 2, 1, 2
 | 2, 1, 1, 2, 1, 1, 2, 2, 1, 2, 2, 1, 2, 1, 1, 1, 2, 1, 2
 |];
travel = 
[| 1, 1,  3, 1,  1,  5, 6, 1, 7, 0, 0,  4,  4, 0,  0,  1, 1, 0,  0,  0
 | 0, 2,  1, 1,  0,  5, 1, 6, 0, 8, 8,  0,  8, 1,  7,  5, 5, 3,  3,  0
 | 1, 3,  2, 4,  1,  5, 0, 7, 1, 3, 9,  0,  0, 6,  6,  0, 0, 3,  3,  0
 | 0, 0,  0, 5,  5,  0, 1, 7, 8, 9, 9, 10, 10, 8,  8,  0, 0, 9,  2,  7
 | 1, 1,  2, 0,  3,  1, 2, 6, 6, 4, 6,  5,  5, 6,  1,  5, 8, 1,  3,  8
 | 0, 0,  1, 5,  4,  2, 1, 3, 8, 8, 0,  8,  8, 6,  6,  5, 5, 0,  0,  0
 | 2, 2,  0, 0,  3,  3, 0, 0, 8, 8, 0,  4,  4, 0,  0,  3, 3, 5,  5,  0
 | 0, 2,  1, 9,  8,  9, 9, 0, 4, 3, 1,  8,  1, 9,  4,  4, 7, 7,  6,  6
 | 0, 0,  8, 8,  0,  8, 8, 7, 7, 0, 3,  3,  0, 1,  1,  0, 5, 1,  3,  1
 | 2, 2,  0, 0, 10, 10, 0, 0, 9, 9, 6,  6,  4, 4,  0,  0, 1, 3,  4,  0
 | 3, 3,  0, 0,  4,  4, 0, 0, 9, 1, 2,  8,  7, 9,  4,  2, 0, 3,  4,  1
 | 3, 6,  3, 0,  0,  8, 8, 0, 7, 7, 9,  1, 10, 2,  2,  6, 8, 6,  0,  0
 | 0, 0,  1, 4,  5,  2, 3, 6, 7, 0, 9,  1,  2, 8,  3,  2, 1, 6,  0,  0
 | 0, 0,  0, 2,  2,  0, 1, 1, 0, 0, 7,  7,  0, 7,  2,  2, 9, 0,  0,  0
 | 0, 5, 10, 1,  4,  0, 0, 3, 3, 9, 9,  0,  8, 8,  6,  8, 6, 0,  8,  8
 | 1, 6,  1, 6,  4,  2, 2, 9, 6, 3, 3,  4,  6, 7,  6,  1, 2, 5, 10, 10
 | 0, 4,  4, 7,  4,  3, 6, 8, 4, 2, 0,  0,  5, 5, 10, 10, 0, 9,  9,  0
 | 1, 5,  3, 7,  9,  1, 6, 2, 2, 3, 9, 10,  7, 2,  3,  6, 4, 1,  2,  5
 | 0, 1,  8, 7,  6,  2, 1, 9, 0, 5, 5, 10, 10, 0,  7,  2, 1, 4,  2,  2
 | 7, 7,  0, 9,  9,  0, 9, 5, 6, 4, 1,  3,  7, 7,  0,  0, 4, 4,  2,  2
 |];
objective = 1464;
% time elapsed: 5.65 s
----------
opponent = 
[|  2,  3,  4,  5,  6,  9,  7,  8, 10, 11, 12, 17, 13, 14, 15, 20, 16, 18, 19
 |  1,  4,  3,  6,  5,  7,  8,  9, 11, 10, 13, 12, 14, 15, 16, 17, 18, 19, 20
 |  4,  1,  2,  7,  8,  5,  6, 10,  9, 12, 11, 13, 15, 17, 14, 16, 19, 20, 18
 |  3,  2,  1,  9,  7,  6,  5, 12,  8, 13, 10, 14, 11, 16, 18, 19, 20, 15, 17
 |  6,  7,  8,  1,  2,  3,  4, 11, 12,  9, 15, 10, 18, 19, 20, 14, 17, 16, 13
 |  5,  8,  7,  2,  1,  4,  3, 13, 14, 15,  9, 18, 10, 20, 19, 11, 12, 17, 16
 |  9,  5,  6,  3,  4,  2,  1, 16, 19,  8, 14, 11, 20, 18, 17, 10, 13, 12, 15
 | 10,  6,  5, 16,  3, 17,  2,  1,  4,  7, 18, 20, 19,  9, 12, 13, 15, 11, 14
 |  7, 12, 17,  4, 18,  1, 20,  2,  3,  5,  6, 19, 16,  8, 11, 15, 14, 13, 10
 |  8, 15, 16, 17, 20, 18, 19,  3,  1,  2,  4,  5,  6, 12, 13,  7, 11, 14,  9
 | 14, 16, 18, 20, 15, 19, 17,  5,  2,  1,  3,  7,  4, 13,  9,  6, 10,  8, 12
 | 20,  9, 19, 14, 16, 15, 13,  4,  5,  3,  1,  2, 17, 10,  8, 18,  6,  7, 11
 | 15, 17, 14, 18, 19, 20, 12,  6, 16,  4,  2,  3,  1, 11, 10,  8,  7,  9,  5
 | 11, 18, 13, 12, 17, 16, 15, 20,  6, 19,  7,  4,  2,  1,  3,  5,  9, 10,  8
 | 13, 10, 20, 19, 11, 12, 14, 18, 17,  6,  5, 16,  3,  2,  1,  9,  8,  4,  7
 | 17, 11, 10,  8, 12, 14, 18,  7, 13, 20, 19, 15,  9,  4,  2,  3,  1,  5,  6
 | 16, 13,  9, 10, 14,  8, 11, 19, 15, 18, 20,  1, 12,  3,  7,  2,  5,  6,  4
 | 19, 14, 11, 13,  9, 10, 16, 15, 20, 17,  8,  6,  5,  7,  4, 12,  2,  1,  3
 | 18, 20, 12, 15, 13, 11, 10, 17,  7, 14, 16,  9,  8,  5,  6,  4,  3,  2,  1
 | 12, 19, 15, 11, 10, 13,  9, 14, 18, 16, 17,  8,  7,  6,  5,  1,  4,  3,  2
 |];
venue = 
[| 2, 1, 2, 2, 2, 1, 2, 2, 1, 1, 1, 2, 1, 1, 1, 2, 1, 1, 1
 | 1, 2, 2, 1, 1, 2, 2, 1, 1, 2, 1, 1, 2, 2, 1, 2, 1, 2, 1
 | 2, 2, 1, 2, 2, 1, 1, 2, 2, 2, 1, 1, 1, 2, 1, 1, 1, 2, 1
 | 1, 1, 1, 2, 1, 1, 2, 2, 1, 2, 1, 2, 1, 2, 1, 1, 1, 2, 2
 | 2, 2, 1, 1, 2, 2, 1, 2, 1, 2, 2, 2, 1, 2, 2, 1, 2, 2, 2
 | 1, 1, 2, 2, 1, 2, 2, 1, 2, 1, 1, 2, 1, 2, 1, 2, 1, 1, 1
 | 2, 1, 1, 1, 2, 1, 1, 1, 2, 1, 1, 2, 1, 1, 1, 2, 1, 2, 1
 | 1, 2, 2, 2, 1, 2, 1, 1, 2, 2, 1, 2, 2, 1, 2, 1, 2, 1, 2
 | 1, 1, 2, 1, 1, 2, 1, 2, 1, 1, 2, 1, 1, 2, 1, 1, 2, 2, 2
 | 2, 1, 1, 1, 2, 1, 1, 1, 2, 1, 2, 1, 2, 1, 1, 1, 2, 2, 1
 | 2, 1, 1, 1, 2, 1, 1, 1, 2, 2, 2, 1, 2, 2, 2, 1, 1, 2, 2
 | 2, 2, 1, 1, 1, 2, 1, 1, 2, 1, 2, 2, 1, 2, 1, 2, 2, 1, 1
 | 2, 1, 2, 2, 1, 1, 2, 2, 1, 1, 2, 2, 2, 1, 2, 2, 2, 1, 1
 | 1, 1, 1, 2, 1, 1, 2, 1, 1, 1, 2, 1, 1, 2, 2, 2, 1, 1, 1
 | 1, 2, 2, 2, 1, 1, 1, 2, 1, 2, 1, 1, 2, 1, 2, 2, 1, 1, 2
 | 2, 2, 2, 1, 2, 2, 1, 2, 2, 1, 2, 2, 2, 1, 2, 2, 2, 1, 2
 | 1, 2, 1, 2, 2, 1, 2, 2, 2, 1, 1, 1, 2, 1, 2, 1, 1, 2, 1
 | 2, 2, 2, 1, 2, 2, 2, 1, 2, 2, 2, 1, 2, 2, 2, 1, 2, 2, 2
 | 1, 2, 2, 1, 2, 2, 2, 1, 1, 2, 1, 2, 1, 1, 2, 2, 2, 1, 2
 | 1, 1, 1, 2, 1, 2, 2, 2, 1, 2, 2, 1, 2, 1, 1, 1, 2, 1, 2
 |];
travel = 
[| 1, 1,  3, 1,  1,  5, 6, 1, 7, 0, 0,  4,  4, 0,  0,  1, 1, 0,  0,  0
 | 0, 2,  1, 1,  0,  5, 1, 6, 0, 8, 8,  0,  8, 1,  7,  5, 5, 3,  3,  0
 | 1, 3,  2, 4,  1,  5, 0, 7, 1, 3, 9,  0,  0, 6,  6,  0, 0, 3,  3,  0
 | 0, 0,  0, 5,  5,  0, 1, 7, 8, 9, 9, 10, 10, 8,  8,  0, 0, 9,  2,  7
 | 1, 1,  2, 0,  3,  1, 2, 6, 6, 4, 6,  5,  5, 6,  1,  5, 8, 1,  3,  8
 | 0, 0,  1, 5,  4,  2, 1, 3, 8, 8, 0,  8,  8, 6,  6,  5, 5, 0,  0,  0
 | 2, 2,  0, 0,  3,  3, 0, 0, 8, 8, 0,  4,  4, 0,  0,  3, 3, 5,  5,  0
 | 0, 2,  1, 9,  8,  9, 9, 0, 4, 3, 1,  8,  1, 9,  4,  4, 7, 7,  6,  6
 | 0, 0,  8, 8,  0,  8, 8, 7, 7, 0, 3,  3,  0, 1,  1,  0, 5, 1,  3,  1
 | 2, 2,  0, 0, 10, 10, 0, 0, 9, 9, 6,  6,  4, 4,  0,  0, 1, 3,  4,  0
 | 3, 3,  0, 0,  4,  4, 0, 0, 9, 1, 2,  8,  7, 9,  4,  2, 0, 3,  4,  1
 | 8, 9,  3, 0,  0,  3, 3, 0, 7, 7, 9,  1, 10, 2,  2,  6, 8, 6,  0,  0
 | 2, 2,  1, 4,  5,  0, 1, 6, 7, 0, 9,  1,  2, 8,  3,  2, 1, 6,  0,  0
 | 0, 0,  0, 2,  2,  0, 1, 1, 0, 0, 7,  7,  0, 7,  2,  2, 9, 0,  0,  0
 | 0, 5, 10, 1,  4,  0, 0, 3, 3, 9, 9,  0,  8, 8,  6,  8, 6, 0,  8,  8
 | 1, 6,  1, 6,  4,  2, 2, 9, 6, 3, 3,  4,  6, 7,  6,  1, 2, 5, 10, 10
 | 0, 4,  4, 7,  4,  3, 6, 8, 4, 2, 0,  0,  5, 5, 10, 10, 0, 9,  9,  0
 | 1, 5,  3, 7,  9,  1, 6, 2, 2, 3, 9, 10,  7, 2,  3,  6, 4, 1,  2,  5
 | 0, 1,  8, 7,  6,  2, 1, 9, 0, 5, 5, 10, 10, 0,  7,  2, 1, 4,  2,  2
 | 0, 0,  0, 9,  9,  7, 4, 5, 6, 4, 1,  3,  7, 7,  0,  0, 4, 4,  2,  2
 |];
objective = 1450;
% time elapsed: 5.79 s
----------
opponent = 
[|  2,  3,  4,  5,  6,  9,  7,  8, 10, 11, 12, 17, 13, 14, 15, 20, 16, 18, 19
 |  1,  4,  3,  6,  5,  7,  8,  9, 11, 10, 13, 12, 14, 15, 16, 17, 18, 19, 20
 |  4,  1,  2,  7,  8,  5,  6, 10,  9, 12, 11, 13, 15, 17, 14, 16, 19, 20, 18
 |  3,  2,  1,  9,  7,  6,  5, 12,  8, 13, 10, 14, 11, 16, 18, 19, 20, 15, 17
 |  6,  7,  8,  1,  2,  3,  4, 11, 12,  9, 15, 10, 18, 19, 20, 14, 17, 16, 13
 |  5,  8,  7,  2,  1,  4,  3, 13, 14, 15,  9, 18, 10, 20, 19, 11, 12, 17, 16
 |  9,  5,  6,  3,  4,  2,  1, 16, 19,  8, 14, 11, 20, 18, 17, 10, 13, 12, 15
 | 10,  6,  5, 16,  3, 17,  2,  1,  4,  7, 18, 20, 19,  9, 12, 13, 15, 11, 14
 |  7, 12, 17,  4, 18,  1, 20,  2,  3,  5,  6, 19, 16,  8, 11, 15, 14, 13, 10
 |  8, 15, 16, 17, 20, 18, 19,  3,  1,  2,  4,  5,  6, 12, 13,  7, 11, 14,  9
 | 14, 18, 20, 19, 15, 16, 17,  5,  2,  1,  3,  7,  4, 13,  9,  6, 10,  8, 12
 | 16,  9, 14, 15, 19, 20, 13,  4,  5,  3,  1,  2, 17, 10,  8, 18,  6,  7, 11
 | 19, 20, 15, 18, 17, 14, 12,  6, 16,  4,  2,  3,  1, 11, 10,  8,  7,  9,  5
 | 11, 17, 12, 20, 16, 13, 15, 19,  6, 18,  7,  4,  2,  1,  3,  5,  9, 10,  8
 | 17, 10, 13, 12, 11, 19, 14, 18, 20,  6,  5, 16,  3,  2,  1,  9,  8,  4,  7
 | 12, 19, 10,  8, 14, 11, 18,  7, 13, 20, 17, 15,  9,  4,  2,  3,  1,  5,  6
 | 15, 14,  9, 10, 13,  8, 11, 20, 18, 19, 16,  1, 12,  3,  7,  2,  5,  6,  4
 | 20, 11, 19, 13,  9, 10, 16, 15, 17, 14,  8,  6,  5,  7,  4, 12,  2,  1,  3
 | 13, 16, 18, 11, 12, 15, 10, 14,  7, 17, 20,  9,  8,  5,  6,  4,  3,  2,  1
 | 18, 13, 11, 14, 10, 12,  9, 17, 15, 16, 19,  8,  7,  6,  5,  1,  4,  3,  2
 |];
venue = 
[| 2, 1, 2, 2, 2, 1, 2, 2, 1, 1, 1, 2, 1, 1, 1, 2, 1, 1, 1
 | 1, 2, 2, 1, 1, 2, 2, 1, 1, 2, 1, 1, 2, 2, 1, 2, 1, 2, 1
 | 2, 2, 1, 2, 2, 1, 1, 2, 2, 2, 1, 1, 1, 2, 1, 1, 1, 2, 1
 | 1, 1, 1, 2, 1, 1, 2, 2, 1, 2, 1, 2, 1, 2, 1, 1, 1, 2, 2
 | 2, 2, 1, 1, 2, 2, 1, 2, 1, 2, 2, 2, 1, 2, 2, 1, 2, 2, 2
 | 1, 1, 2, 2, 1, 2, 2, 1, 2, 1, 1, 2, 1, 2, 1, 2, 1, 1, 1
 | 2, 1, 1, 1, 2, 1, 1, 1, 2, 1, 1, 2, 1, 1, 1, 2, 1, 2, 1
 | 1, 2, 2, 2, 1, 2, 1, 1, 2, 2, 1, 2, 2, 1, 2, 1, 2, 1, 2
 | 1, 1, 2, 1, 1, 2, 1, 2, 1, 1, 2, 1, 1, 2, 1, 1, 2, 2, 2
 | 2, 1, 1, 1, 2, 1, 1, 1, 2, 1, 2, 1, 2, 1, 1, 1, 2, 2, 1
 | 2, 1, 1, 1, 2, 1, 1, 1, 2, 2, 2, 1, 2, 2, 2, 1, 1, 2, 2
 | 1, 2, 1, 2, 1, 2, 1, 1, 2, 1, 2, 2, 1, 2, 1, 2, 2, 1, 1
 | 1, 1, 2, 2, 1, 2, 2, 2, 1, 1, 2, 2, 2, 1, 2, 2, 2, 1, 1
 | 1, 1, 2, 1, 1, 1, 2, 1, 1, 1, 2, 1, 1, 2, 2, 2, 1, 1, 1
 | 1, 2, 1, 1, 1, 2, 1, 2, 2, 2, 1, 1, 2, 1, 2, 2, 1, 1, 2
 | 2, 2, 2, 1, 2, 2, 1, 2, 2, 1, 2, 2, 2, 1, 2, 2, 2, 1, 2
 | 2, 2, 1, 2, 2, 1, 2, 1, 1, 2, 1, 1, 2, 1, 2, 1, 1, 2, 1
 | 2, 2, 2, 1, 2, 2, 2, 1, 2, 2, 2, 1, 2, 2, 2, 1, 2, 2, 2
 | 2, 1, 1, 2, 2, 1, 2, 2, 1, 1, 2, 2, 1, 1, 2, 2, 2, 1, 2
 | 1, 2, 2, 2, 1, 1, 2, 2, 1, 2, 1, 1, 2, 1, 1, 1, 2, 1, 2
 |];
travel = 
[| 1, 1, 3, 1,  1,  5, 6, 1, 7, 0, 0,  4,  4, 0,  0,  1, 1, 0,  0,  0
 | 0, 2, 1, 1,  0,  5, 1, 6, 0, 8, 8,  0,  8, 1,  7,  5, 5, 3,  3,  0
 | 1, 3, 2, 4,  1,  5, 0, 7, 1, 3, 9,  0,  0, 6,  6,  0, 0, 3,  3,  0
 | 0, 0, 0, 5,  5,  0, 1, 7, 8, 9, 9, 10, 10, 8,  8,  0, 0, 9,  2,  7
 | 1, 1, 2, 0,  3,  1, 2, 6, 6, 4, 6,  5,  5, 6,  1,  5, 8, 1,  3,  8
 | 0, 0, 1, 5,  4,  2, 1, 3, 8, 8, 0,  8,  8, 6,  6,  5, 5, 0,  0,  0
 | 2, 2, 0, 0,  3,  3, 0, 0, 8, 8, 0,  4,  4, 0,  0,  3, 3, 5,  5,  0
 | 0, 2, 1, 9,  8,  9, 9, 0, 4, 3, 1,  8,  1, 9,  4,  4, 7, 7,  6,  6
 | 0, 0, 8, 8,  0,  8, 8, 7, 7, 0, 3,  3,  0, 1,  1,  0, 5, 1,  3,  1
 | 2, 2, 0, 0, 10, 10, 0, 0, 9, 9, 6,  6,  4, 4,  0,  0, 1, 3,  4,  0
 | 3, 3, 0, 0,  4,  4, 0, 0, 9, 1, 2,  8,  7, 9,  4,  2, 0, 3,  4,  1
 | 0, 3, 3, 3,  3,  8, 8, 0, 7, 7, 9,  1, 10, 2,  2,  6, 8, 6,  0,  0
 | 0, 0, 2, 3,  5,  1, 2, 6, 7, 0, 9,  1,  2, 8,  3,  2, 1, 6,  0,  0
 | 0, 0, 2, 2,  0,  0, 1, 1, 0, 0, 7,  7,  0, 7,  2,  2, 9, 0,  0,  0
 | 0, 5, 5, 0,  0,  4, 4, 3, 2, 6, 9,  0,  8, 8,  6,  8, 6, 0,  8,  8
 | 4, 7, 9, 6,  2,  3, 5, 9, 6, 3, 1,  2,  6, 7,  6,  1, 2, 5, 10, 10
 | 2, 1, 3, 7,  3,  4, 6, 6, 0, 2, 2,  0,  5, 5, 10, 10, 0, 9,  9,  0
 | 2, 9, 8, 1,  9,  1, 6, 2, 1, 3, 6, 10,  7, 2,  3,  6, 4, 1,  2,  5
 | 6, 6, 0, 8,  1,  7, 9, 4, 5, 0, 1,  9, 10, 0,  7,  2, 1, 4,  2,  2
 | 0, 7, 2, 3,  6,  0, 9, 8, 3, 4, 4,  0,  7, 7,  0,  0, 4, 4,  2,  2
 |];
objective = 1448;
% time elapsed: 6.00 s
----------
opponent = 
[|  2,  3,  4,  5,  6,  9,  7,  8, 10, 11, 12, 17, 13, 14, 15, 20, 16, 18, 19
 |  1,  4,  3,  6,  5,  7,  8,  9, 11, 10, 13, 12, 14, 15, 16, 17, 18, 19, 20
 |  4,  1,  2,  7,  8,  5,  6, 10,  9, 12, 11, 13, 15, 17, 14, 16, 19, 20, 18
 |  3,  2,  1,  9,  7,  6,  5, 12,  8, 13, 10, 14, 11, 16, 18, 19, 20, 15, 17
 |  6,  7,  8,  1,  2,  3,  4, 11, 12,  9, 15, 10, 18, 19, 20, 14, 17, 16, 13
 |  5,  8,  7,  2,  1,  4,  3, 13, 14, 15,  9, 18, 10, 20, 19, 11, 12, 17, 16
 |  9,  5,  6,  3,  4,  2,  1, 16, 19,  8, 14, 11, 20, 18, 17, 10, 13, 12, 15
 | 10,  6,  5, 16,  3, 17,  2,  1,  4,  7, 18, 20, 19,  9, 12, 13, 15, 11, 14
 |  7, 12, 17,  4, 18,  1, 20,  2,  3,  5,  6, 19, 16,  8, 11, 15, 14, 13, 10
 |  8, 15, 16, 17, 20, 18, 19,  3,  1,  2,  4,  5,  6, 12, 13,  7, 11, 14,  9
 | 14, 18, 20, 19, 15, 16, 17,  5,  2,  1,  3,  7,  4, 13,  9,  6, 10,  8, 12
 | 16,  9, 14, 15, 19, 20, 13,  4,  5,  3,  1,  2, 17, 10,  8, 18,  6,  7, 11
 | 19, 20, 15, 18, 17, 14, 12,  6, 16,  4,  2,  3,  1, 11, 10,  8,  7,  9,  5
 | 11, 19, 12, 20, 16, 13, 15, 17,  6, 18,  7,  4,  2,  1,  3,  5,  9, 10,  8
 | 17, 10, 13, 12, 11, 19, 14, 18, 20,  6,  5, 16,  3,  2,  1,  9,  8,  4,  7
 | 12, 17, 10,  8, 14, 11, 18,  7, 13, 19, 20, 15,  9,  4,  2,  3,  1,  5,  6
 | 15, 16,  9, 10, 13,  8, 11, 14, 18, 20, 19,  1, 12,  3,  7,  2,  5,  6,  4
 | 20, 11, 19, 13,  9, 10, 16, 15, 17, 14,  8,  6,  5,  7,  4, 12,  2,  1,  3
 | 13, 14, 18, 11, 12, 15, 10, 20,  7, 16, 17,  9,  8,  5,  6,  4,  3,  2,  1
 | 18, 13, 11, 14, 10, 12,  9, 19, 15, 17, 16,  8,  7,  6,  5,  1,  4,  3,  2
 |];
venue = 
[| 2, 1, 2, 2, 2, 1, 2, 2, 1, 1, 1, 2, 1, 1, 1, 2, 1, 1, 1
 | 1, 2, 2, 1, 1, 2, 2, 1, 1, 2, 1, 1, 2, 2, 1, 2, 1, 2, 1
 | 2, 2, 1, 2, 2, 1, 1, 2, 2, 2, 1, 1, 1, 2, 1, 1, 1, 2, 1
 | 1, 1, 1, 2, 1, 1, 2, 2, 1, 2, 1, 2, 1, 2, 1, 1, 1, 2, 2
 | 2, 2, 1, 1, 2, 2, 1, 2, 1, 2, 2, 2, 1, 2, 2, 1, 2, 2, 2
 | 1, 1, 2, 2, 1, 2, 2, 1, 2, 1, 1, 2, 1, 2, 1, 2, 1, 1, 1
 | 2, 1, 1, 1, 2, 1, 1, 1, 2, 1, 1, 2, 1, 1, 1, 2, 1, 2, 1
 | 1, 2, 2, 2, 1, 2, 1, 1, 2, 2, 1, 2, 2, 1, 2, 1, 2, 1, 2
 | 1, 1, 2, 1, 1, 2, 1, 2, 1, 1, 2, 1, 1, 2, 1, 1, 2, 2, 2
 | 2, 1, 1, 1, 2, 1, 1, 1, 2, 1, 2, 1, 2, 1, 1, 1, 2, 2, 1
 | 2, 1, 1, 1, 2, 1, 1, 1, 2, 2, 2, 1, 2, 2, 2, 1, 1, 2, 2
 | 1, 2, 1, 2, 1, 2, 1, 1, 2, 1, 2, 2, 1, 2, 1, 2, 2, 1, 1
 | 1, 1, 2, 2, 1, 2, 2, 2, 1, 1, 2, 2, 2, 1, 2, 2, 2, 1, 1
 | 1, 1, 2, 1, 1, 1, 2, 1, 1, 1, 2, 1, 1, 2, 2, 2, 1, 1, 1
 | 1, 2, 1, 1, 1, 2, 1, 2, 2, 2, 1, 1, 2, 1, 2, 2, 1, 1, 2
 | 2, 2, 2, 1, 2, 2, 1, 2, 2, 2, 1, 2, 2, 1, 2, 2, 2, 1, 2
 | 2, 1, 1, 2, 2, 1, 2, 2, 1, 1, 2, 1, 2, 1, 2, 1, 1, 2, 1
 | 2, 2, 2, 1, 2, 2, 2, 1, 2, 2, 2, 1, 2, 2, 2, 1, 2, 2, 2
 | 2, 2, 1, 2, 2, 1, 2, 2, 1, 1, 1, 2, 1, 1, 2, 2, 2, 1, 2
 | 1, 2, 2, 2, 1, 1, 2, 1, 1, 2, 2, 1, 2, 1, 1, 1, 2, 1, 2
 |];
travel = 
[| 1, 1, 3, 1,  1,  5, 6,  1, 7, 0, 0,  4,  4, 0,  0,  1, 1, 0,  0,  0
 | 0, 2, 1, 1,  0,  5, 1,  6, 0, 8, 8,  0,  8, 1,  7,  5, 5, 3,  3,  0
 | 1, 3, 2, 4,  1,  5, 0,  7, 1, 3, 9,  0,  0, 6,  6,  0, 0, 3,  3,  0
 | 0, 0, 0, 5,  5,  0, 1,  7, 8, 9, 9, 10, 10, 8,  8,  0, 0, 9,  2,  7
 | 1, 1, 2, 0,  3,  1, 2,  6, 6, 4, 6,  5,  5, 6,  1,  5, 8, 1,  3,  8
 | 0, 0, 1, 5,  4,  2, 1,  3, 8, 8, 0,  8,  8, 6,  6,  5, 5, 0,  0,  0
 | 2, 2, 0, 0,  3,  3, 0,  0, 8, 8, 0,  4,  4, 0,  0,  3, 3, 5,  5,  0
 | 0, 2, 1, 9,  8,  9, 9,  0, 4, 3, 1,  8,  1, 9,  4,  4, 7, 7,  6,  6
 | 0, 0, 8, 8,  0,  8, 8,  7, 7, 0, 3,  3,  0, 1,  1,  0, 5, 1,  3,  1
 | 2, 2, 0, 0, 10, 10, 0,  0, 9, 9, 6,  6,  4, 4,  0,  0, 1, 3,  4,  0
 | 3, 3, 0, 0,  4,  4, 0,  0, 9, 1, 2,  8,  7, 9,  4,  2, 0, 3,  4,  1
 | 0, 3, 3, 3,  3,  8, 8,  0, 7, 7, 9,  1, 10, 2,  2,  6, 8, 6,  0,  0
 | 0, 0, 2, 3,  5,  1, 2,  6, 7, 0, 9,  1,  2, 8,  3,  2, 1, 6,  0,  0
 | 0, 0, 2, 2,  0,  0, 1,  1, 0, 0, 7,  7,  0, 7,  2,  2, 9, 0,  0,  0
 | 0, 5, 5, 0,  0,  4, 4,  3, 2, 6, 9,  0,  8, 8,  6,  8, 6, 0,  8,  8
 | 4, 5, 7, 6,  2,  3, 5,  9, 6, 6, 3,  1,  6, 7,  6,  1, 2, 5, 10, 10
 | 2, 2, 0, 7,  3,  4, 6,  3, 3, 0, 2,  2,  5, 5, 10, 10, 0, 9,  9,  0
 | 2, 9, 8, 1,  9,  1, 6,  2, 1, 3, 6, 10,  7, 2,  3,  6, 4, 1,  2,  5
 | 6, 1, 5, 8,  1,  7, 9, 10, 1, 0, 0, 10, 10, 0,  7,  2, 1, 4,  2,  2
 | 0, 7, 2, 3,  6,  0, 9,  9, 0, 3, 1,  4,  7, 7,  0,  0, 4, 4,  2,  2
 |];
objective = 1446;
% time elapsed: 6.09 s
----------
opponent = 
[|  2,  3,  4,  5,  6,  9,  7,  8, 10, 11, 12, 17, 13, 14, 15, 20, 16, 18, 19
 |  1,  4,  3,  6,  5,  7,  8,  9, 11, 10, 13, 12, 14, 15, 16, 17, 18, 19, 20
 |  4,  1,  2,  7,  8,  5,  6, 10,  9, 12, 11, 13, 15, 17, 14, 16, 19, 20, 18
 |  3,  2,  1,  9,  7,  6,  5, 12,  8, 13, 10, 14, 11, 16, 18, 19, 20, 15, 17
 |  6,  7,  8,  1,  2,  3,  4, 11, 12,  9, 15, 10, 18, 19, 20, 14, 17, 16, 13
 |  5,  8,  7,  2,  1,  4,  3, 13, 14, 15,  9, 18, 10, 20, 19, 11, 12, 17, 16
 |  9,  5,  6,  3,  4,  2,  1, 16, 19,  8, 14, 11, 20, 18, 17, 10, 13, 12, 15
 | 10,  6,  5, 16,  3, 17,  2,  1,  4,  7, 18, 20, 19,  9, 12, 13, 15, 11, 14
 |  7, 12, 17,  4, 18,  1, 20,  2,  3,  5,  6, 19, 16,  8, 11, 15, 14, 13, 10
 |  8, 15, 16, 17, 20, 18, 19,  3,  1,  2,  4,  5,  6, 12, 13,  7, 11, 14,  9
 | 14, 20, 18, 19, 15, 16, 17,  5,  2,  1,  3,  7,  4, 13,  9,  6, 10,  8, 12
 | 13,  9, 19, 15, 16, 20, 14,  4,  5,  3,  1,  2, 17, 10,  8, 18,  6,  7, 11
 | 12, 17, 20, 18, 19, 14, 15,  6, 16,  4,  2,  3,  1, 11, 10,  8,  7,  9,  5
 | 11, 16, 15, 20, 17, 13, 12, 19,  6, 18,  7,  4,  2,  1,  3,  5,  9, 10,  8
 | 17, 10, 14, 12, 11, 19, 13, 18, 20,  6,  5, 16,  3,  2,  1,  9,  8,  4,  7
 | 19, 14, 10,  8, 12, 11, 18,  7, 13, 17, 20, 15,  9,  4,  2,  3,  1,  5,  6
 | 15, 13,  9, 10, 14,  8, 11, 20, 18, 16, 19,  1, 12,  3,  7,  2,  5,  6,  4
 | 20, 19, 11, 13,  9, 10, 16, 15, 17, 14,  8,  6,  5,  7,  4, 12,  2,  1,  3
 | 16, 18, 12, 11, 13, 15, 10, 14,  7, 20, 17,  9,  8,  5,  6,  4,  3,  2,  1
 | 18, 11, 13, 14, 10, 12,  9, 17, 15, 19, 16,  8,  7,  6,  5,  1,  4,  3,  2
 |];
venue = 
[| 2, 1, 2, 2, 2, 1, 2, 2, 1, 1, 1, 2, 1, 1, 1, 2, 1, 1, 1
 | 1, 2, 2, 1, 1, 2, 2, 1, 1, 2, 1, 1, 2, 2, 1, 2, 1, 2, 1
 | 2, 2, 1, 2, 2, 1, 1, 2, 2, 2, 1, 1, 1, 2, 1, 1, 1, 2, 1
 | 1, 1, 1, 2, 1, 1, 2, 2, 1, 2, 1, 2, 1, 2, 1, 1, 1, 2, 2
 | 2, 2, 1, 1, 2, 2, 1, 2, 1, 2, 2, 2, 1, 2, 2, 1, 2, 2, 2
 | 1, 1, 2, 2, 1, 2, 2, 1, 2, 1, 1, 2, 1, 2, 1, 2, 1, 1, 1
 | 2, 1, 1, 1, 2, 1, 1, 1, 2, 1, 1, 2, 1, 1, 1, 2, 1, 2, 1
 | 1, 2, 2, 2, 1, 2, 1, 1, 2, 2, 1, 2, 2, 1, 2, 1, 2, 1, 2
 | 1, 1, 2, 1, 1, 2, 1, 2, 1, 1, 2, 1, 1, 2, 1, 1, 2, 2, 2
 | 2, 1, 1, 1, 2, 1, 1, 1, 2, 1, 2, 1, 2, 1, 1, 1, 2, 2, 1
 | 2, 1, 1, 1, 2, 1, 1, 1, 2, 2, 2, 1, 2, 2, 2, 1, 1, 2, 2
 | 1, 2, 1, 2, 1, 2, 1, 1, 2, 1, 2, 2, 1, 2, 1, 2, 2, 1, 1
 | 2, 1, 1, 2, 1, 2, 2, 2, 1, 1, 2, 2, 2, 1, 2, 2, 2, 1, 1
 | 1, 1, 2, 1, 1, 1, 2, 1, 1, 1, 2, 1, 1, 2, 2, 2, 1, 1, 1
 | 1, 2, 1, 1, 1, 2, 1, 2, 2, 2, 1, 1, 2, 1, 2, 2, 1, 1, 2
 | 2, 2, 2, 1, 2, 2, 1, 2, 2, 2, 1, 2, 2, 1, 2, 2, 2, 1, 2
 | 2, 2, 1, 2, 2, 1, 2, 1, 1, 1, 2, 1, 2, 1, 2, 1, 1, 2, 1
 | 2, 2, 2, 1, 2, 2, 2, 1, 2, 2, 2, 1, 2, 2, 2, 1, 2, 2, 2
 | 1, 1, 2, 2, 2, 1, 2, 2, 1, 2, 1, 2, 1, 1, 2, 2, 2, 1, 2
 | 1, 2, 2, 2, 1, 1, 2, 2, 1, 1, 2, 1, 2, 1, 1, 1, 2, 1, 2
 |];
travel = 
[| 1, 1, 3, 1,  1,  5, 6, 1, 7, 0, 0,  4,  4, 0,  0,  1, 1, 0,  0,  0
 | 0, 2, 1, 1,  0,  5, 1, 6, 0, 8, 8,  0,  8, 1,  7,  5, 5, 3,  3,  0
 | 1, 3, 2, 4,  1,  5, 0, 7, 1, 3, 9,  0,  0, 6,  6,  0, 0, 3,  3,  0
 | 0, 0, 0, 5,  5,  0, 1, 7, 8, 9, 9, 10, 10, 8,  8,  0, 0, 9,  2,  7
 | 1, 1, 2, 0,  3,  1, 2, 6, 6, 4, 6,  5,  5, 6,  1,  5, 8, 1,  3,  8
 | 0, 0, 1, 5,  4,  2, 1, 3, 8, 8, 0,  8,  8, 6,  6,  5, 5, 0,  0,  0
 | 2, 2, 0, 0,  3,  3, 0, 0, 8, 8, 0,  4,  4, 0,  0,  3, 3, 5,  5,  0
 | 0, 2, 1, 9,  8,  9, 9, 0, 4, 3, 1,  8,  1, 9,  4,  4, 7, 7,  6,  6
 | 0, 0, 8, 8,  0,  8, 8, 7, 7, 0, 3,  3,  0, 1,  1,  0, 5, 1,  3,  1
 | 2, 2, 0, 0, 10, 10, 0, 0, 9, 9, 6,  6,  4, 4,  0,  0, 1, 3,  4,  0
 | 3, 3, 0, 0,  4,  4, 0, 0, 9, 1, 2,  8,  7, 9,  4,  2, 0, 3,  4,  1
 | 0, 3, 3, 3,  3,  8, 8, 0, 7, 7, 9,  1, 10, 2,  2,  6, 8, 6,  0,  0
 | 1, 1, 0, 5,  5,  1, 1, 9, 7, 0, 9,  1,  2, 8,  3,  2, 1, 6,  0,  0
 | 0, 0, 1, 1,  0,  0, 2, 2, 0, 0, 7,  7,  0, 7,  2,  2, 9, 0,  0,  0
 | 0, 5, 5, 0,  0,  4, 4, 3, 2, 6, 9,  0,  8, 8,  6,  8, 6, 0,  8,  8
 | 3, 5, 4, 6,  4,  1, 5, 9, 6, 4, 1,  1,  6, 7,  6,  1, 2, 5, 10, 10
 | 2, 2, 4, 7,  4,  3, 6, 6, 0, 0, 2,  2,  5, 5, 10, 10, 0, 9,  9,  0
 | 2, 1, 8, 7,  9,  1, 6, 2, 1, 3, 6, 10,  7, 2,  3,  6, 4, 1,  2,  5
 | 0, 0, 7, 1,  2,  6, 9, 4, 5, 1, 1, 10, 10, 0,  7,  2, 1, 4,  2,  2
 | 0, 9, 2, 1,  6,  0, 9, 8, 3, 0, 4,  4,  7, 7,  0,  0, 4, 4,  2,  2
 |];
objective = 1434;
% time elapsed: 6.23 s
----------
opponent = 
[|  2,  3,  4,  5,  6,  9,  7,  8, 10, 11, 12, 17, 13, 14, 15, 20, 16, 18, 19
 |  1,  4,  3,  6,  5,  7,  8,  9, 11, 10, 13, 12, 14, 15, 16, 17, 18, 19, 20
 |  4,  1,  2,  7,  8,  5,  6, 10,  9, 12, 11, 13, 15, 17, 14, 16, 19, 20, 18
 |  3,  2,  1,  9,  7,  6,  5, 12,  8, 13, 10, 14, 11, 16, 18, 19, 20, 15, 17
 |  6,  7,  8,  1,  2,  3,  4, 11, 12,  9, 15, 10, 18, 19, 20, 14, 17, 16, 13
 |  5,  8,  7,  2,  1,  4,  3, 13, 14, 15,  9, 18, 10, 20, 19, 11, 12, 17, 16
 |  9,  5,  6,  3,  4,  2,  1, 16, 19,  8, 14, 11, 20, 18, 17, 10, 13, 12, 15
 | 10,  6,  5, 16,  3, 17,  2,  1,  4,  7, 18, 20, 19,  9, 12, 13, 15, 11, 14
 |  7, 12, 17,  4, 18,  1, 20,  2,  3,  5,  6, 19, 16,  8, 11, 15, 14, 13, 10
 |  8, 15, 16, 17, 20, 18, 19,  3,  1,  2,  4,  5,  6, 12, 13,  7, 11, 14,  9
 | 14, 20, 18, 19, 15, 16, 17,  5,  2,  1,  3,  7,  4, 13,  9,  6, 10,  8, 12
 | 13,  9, 19, 15, 16, 20, 14,  4,  5,  3,  1,  2, 17, 10,  8, 18,  6,  7, 11
 | 12, 17, 20, 18, 19, 14, 15,  6, 16,  4,  2,  3,  1, 11, 10,  8,  7,  9,  5
 | 11, 16, 15, 20, 17, 13, 12, 19,  6, 18,  7,  4,  2,  1,  3,  5,  9, 10,  8
 | 17, 10, 14, 12, 11, 19, 13, 18, 20,  6,  5, 16,  3,  2,  1,  9,  8,  4,  7
 | 19, 14, 10,  8, 12, 11, 18,  7, 13, 20, 17, 15,  9,  4,  2,  3,  1,  5,  6
 | 15, 13,  9, 10, 14,  8, 11, 20, 18, 19, 16,  1, 12,  3,  7,  2,  5,  6,  4
 | 20, 19, 11, 13,  9, 10, 16, 15, 17, 14,  8,  6,  5,  7,  4, 12,  2,  1,  3
 | 16, 18, 12, 11, 13, 15, 10, 14,  7, 17, 20,  9,  8,  5,  6,  4,  3,  2,  1
 | 18, 11, 13, 14, 10, 12,  9, 17, 15, 16, 19,  8,  7,  6,  5,  1,  4,  3,  2
 |];
venue = 
[| 2, 1, 2, 2, 2, 1, 2, 2, 1, 1, 1, 2, 1, 1, 1, 2, 1, 1, 1
 | 1, 2, 2, 1, 1, 2, 2, 1, 1, 2, 1, 1, 2, 2, 1, 2, 1, 2, 1
 | 2, 2, 1, 2, 2, 1, 1, 2, 2, 2, 1, 1, 1, 2, 1, 1, 1, 2, 1
 | 1, 1, 1, 2, 1, 1, 2, 2, 1, 2, 1, 2, 1, 2, 1, 1, 1, 2, 2
 | 2, 2, 1, 1, 2, 2, 1, 2, 1, 2, 2, 2, 1, 2, 2, 1, 2, 2, 2
 | 1, 1, 2, 2, 1, 2, 2, 1, 2, 1, 1, 2, 1, 2, 1, 2, 1, 1, 1
 | 2, 1, 1, 1, 2, 1, 1, 1, 2, 1, 1, 2, 1, 1, 1, 2, 1, 2, 1
 | 1, 2, 2, 2, 1, 2, 1, 1, 2, 2, 1, 2, 2, 1, 2, 1, 2, 1, 2
 | 1, 1, 2, 1, 1, 2, 1, 2, 1, 1, 2, 1, 1, 2, 1, 1, 2, 2, 2
 | 2, 1, 1, 1, 2, 1, 1, 1, 2, 1, 2, 1, 2, 1, 1, 1, 2, 2, 1
 | 2, 1, 1, 1, 2, 1, 1, 1, 2, 2, 2, 1, 2, 2, 2, 1, 1, 2, 2
 | 1, 2, 1, 2, 1, 2, 1, 1, 2, 1, 2, 2, 1, 2, 1, 2, 2, 1, 1
 | 2, 1, 1, 2, 1, 2, 2, 2, 1, 1, 2, 2, 2, 1, 2, 2, 2, 1, 1
 | 1, 1, 2, 1, 1, 1, 2, 1, 1, 1, 2, 1, 1, 2, 2, 2, 1, 1, 1
 | 1, 2, 1, 1, 1, 2, 1, 2, 2, 2, 1, 1, 2, 1, 2, 2, 1, 1, 2
 | 2, 2, 2, 1, 2, 2, 1, 2, 2, 1, 2, 2, 2, 1, 2, 2, 2, 1, 2
 | 2, 2, 1, 2, 2, 1, 2, 1, 1, 2, 1, 1, 2, 1, 2, 1, 1, 2, 1
 | 2, 2, 2, 1, 2, 2, 2, 1, 2, 2, 2, 1, 2, 2, 2, 1, 2, 2, 2
 | 1, 1, 2, 2, 2, 1, 2, 2, 1, 1, 2, 2, 1, 1, 2, 2, 2, 1, 2
 | 1, 2, 2, 2, 1, 1, 2, 2, 1, 2, 1, 1, 2, 1, 1, 1, 2, 1, 2
 |];
travel = 
[| 1, 1, 3, 1,  1,  5, 6, 1, 7, 0, 0,  4,  4, 0,  0,  1, 1, 0,  0,  0
 | 0, 2, 1, 1,  0,  5, 1, 6, 0, 8, 8,  0,  8, 1,  7,  5, 5, 3,  3,  0
 | 1, 3, 2, 4,  1,  5, 0, 7, 1, 3, 9,  0,  0, 6,  6,  0, 0, 3,  3,  0
 | 0, 0, 0, 5,  5,  0, 1, 7, 8, 9, 9, 10, 10, 8,  8,  0, 0, 9,  2,  7
 | 1, 1, 2, 0,  3,  1, 2, 6, 6, 4, 6,  5,  5, 6,  1,  5, 8, 1,  3,  8
 | 0, 0, 1, 5,  4,  2, 1, 3, 8, 8, 0,  8,  8, 6,  6,  5, 5, 0,  0,  0
 | 2, 2, 0, 0,  3,  3, 0, 0, 8, 8, 0,  4,  4, 0,  0,  3, 3, 5,  5,  0
 | 0, 2, 1, 9,  8,  9, 9, 0, 4, 3, 1,  8,  1, 9,  4,  4, 7, 7,  6,  6
 | 0, 0, 8, 8,  0,  8, 8, 7, 7, 0, 3,  3,  0, 1,  1,  0, 5, 1,  3,  1
 | 2, 2, 0, 0, 10, 10, 0, 0, 9, 9, 6,  6,  4, 4,  0,  0, 1, 3,  4,  0
 | 3, 3, 0, 0,  4,  4, 0, 0, 9, 1, 2,  8,  7, 9,  4,  2, 0, 3,  4,  1
 | 0, 3, 3, 3,  3,  8, 8, 0, 7, 7, 9,  1, 10, 2,  2,  6, 8, 6,  0,  0
 | 1, 1, 0, 5,  5,  1, 1, 9, 7, 0, 9,  1,  2, 8,  3,  2, 1, 6,  0,  0
 | 0, 0, 1, 1,  0,  0, 2, 2, 0, 0, 7,  7,  0, 7,  2,  2, 9, 0,  0,  0
 | 0, 5, 5, 0,  0,  4, 4, 3, 2, 6, 9,  0,  8, 8,  6,  8, 6, 0,  8,  8
 | 3, 5, 4, 6,  4,  1, 5, 9, 6, 3, 1,  2,  6, 7,  6,  1, 2, 5, 10, 10
 | 2, 2, 4, 7,  4,  3, 6, 6, 0, 2, 2,  0,  5, 5, 10, 10, 0, 9,  9,  0
 | 2, 1, 8, 7,  9,  1, 6, 2, 1, 3, 6, 10,  7, 2,  3,  6, 4, 1,  2,  5
 | 0, 0, 7, 1,  2,  6, 9, 4, 5, 0, 1,  9, 10, 0,  7,  2, 1, 4,  2,  2
 | 0, 9, 2, 1,  6,  0, 9, 8, 3, 4, 4,  0,  7, 7,  0,  0, 4, 4,  2,  2
 |];
objective = 1432;
% time elapsed: 6.31 s
----------
opponent = 
[|  2,  3,  4,  5,  6,  9,  7,  8, 10, 11, 12, 17, 13, 14, 15, 20, 16, 18, 19
 |  1,  4,  3,  6,  5,  7,  8,  9, 11, 10, 13, 12, 14, 15, 16, 17, 18, 19, 20
 |  4,  1,  2,  7,  8,  5,  6, 10,  9, 12, 11, 13, 15, 17, 14, 16, 19, 20, 18
 |  3,  2,  1,  9,  7,  6,  5, 12,  8, 13, 10, 14, 11, 16, 18, 19, 20, 15, 17
 |  6,  7,  8,  1,  2,  3,  4, 11, 12,  9, 15, 10, 18, 19, 20, 14, 17, 16, 13
 |  5,  8,  7,  2,  1,  4,  3, 13, 14, 15,  9, 18, 10, 20, 19, 11, 12, 17, 16
 |  9,  5,  6,  3,  4,  2,  1, 16, 19,  8, 14, 11, 20, 18, 17, 10, 13, 12, 15
 | 10,  6,  5, 16,  3, 17,  2,  1,  4,  7, 18, 20, 19,  9, 12, 13, 15, 11, 14
 |  7, 12, 17,  4, 18,  1, 20,  2,  3,  5,  6, 19, 16,  8, 11, 15, 14, 13, 10
 |  8, 15, 16, 17, 20, 18, 19,  3,  1,  2,  4,  5,  6, 12, 13,  7, 11, 14,  9
 | 15, 16, 18, 19, 14, 20, 17,  5,  2,  1,  3,  7,  4, 13,  9,  6, 10,  8, 12
 | 20,  9, 19, 14, 16, 15, 13,  4,  5,  3,  1,  2, 17, 10,  8, 18,  6,  7, 11
 | 14, 20, 15, 18, 17, 19, 12,  6, 16,  4,  2,  3,  1, 11, 10,  8,  7,  9,  5
 | 13, 18, 20, 12, 11, 16, 15, 19,  6, 17,  7,  4,  2,  1,  3,  5,  9, 10,  8
 | 11, 10, 13, 20, 19, 12, 14, 18, 17,  6,  5, 16,  3,  2,  1,  9,  8,  4,  7
 | 19, 11, 10,  8, 12, 14, 18,  7, 13, 20, 17, 15,  9,  4,  2,  3,  1,  5,  6
 | 18, 19,  9, 10, 13,  8, 11, 20, 15, 14, 16,  1, 12,  3,  7,  2,  5,  6,  4
 | 17, 14, 11, 13,  9, 10, 16, 15, 20, 19,  8,  6,  5,  7,  4, 12,  2,  1,  3
 | 16, 17, 12, 11, 15, 13, 10, 14,  7, 18, 20,  9,  8,  5,  6,  4,  3,  2,  1
 | 12, 13, 14, 15, 10, 11,  9, 17, 18, 16, 19,  8,  7,  6,  5,  1,  4,  3,  2
 |];
venue = 
[| 2, 1, 2, 2, 2, 1, 2, 2, 1, 1, 1, 2, 1, 1, 1, 2, 1, 1, 1
 | 1, 2, 2, 1, 1, 2, 2, 1, 1, 2, 1, 1, 2, 2, 1, 2, 1, 2, 1
 | 2, 2, 1, 2, 2, 1, 1, 2, 2, 2, 1, 1, 1, 2, 1, 1, 1, 2, 1
 | 1, 1, 1, 2, 1, 1, 2, 2, 1, 2, 1, 2, 1, 2, 1, 1, 1, 2, 2
 | 2, 2, 1, 1, 2, 2, 1, 2, 1, 2, 2, 2, 1, 2, 2, 1, 2, 2, 2
 | 1, 1, 2, 2, 1, 2, 2, 1, 2, 1, 1, 2, 1, 2, 1, 2, 1, 1, 1
 | 2, 1, 1, 1, 2, 1, 1, 1, 2, 1, 1, 2, 1, 1, 1, 2, 1, 2, 1
 | 1, 2, 2, 2, 1, 2, 1, 1, 2, 2, 1, 2, 2, 1, 2, 1, 2, 1, 2
 | 1, 1, 2, 1, 1, 2, 1, 2, 1, 1, 2, 1, 1, 2, 1, 1, 2, 2, 2
 | 2, 1, 1, 1, 2, 1, 1, 1, 2, 1, 2, 1, 2, 1, 1, 1, 2, 2, 1
 | 2, 1, 1, 1, 2, 1, 1, 1, 2, 2, 2, 1, 2, 2, 2, 1, 1, 2, 2
 | 2, 2, 1, 1, 1, 2, 1, 1, 2, 1, 2, 2, 1, 2, 1, 2, 2, 1, 1
 | 2, 1, 2, 2, 1, 1, 2, 2, 1, 1, 2, 2, 2, 1, 2, 2, 2, 1, 1
 | 1, 1, 1, 2, 1, 1, 2, 1, 1, 1, 2, 1, 1, 2, 2, 2, 1, 1, 1
 | 1, 2, 1, 2, 2, 1, 1, 2, 1, 2, 1, 1, 2, 1, 2, 2, 1, 1, 2
 | 2, 2, 2, 1, 2, 2, 1, 2, 2, 1, 2, 2, 2, 1, 2, 2, 2, 1, 2
 | 1, 2, 1, 2, 2, 1, 2, 1, 2, 2, 1, 1, 2, 1, 2, 1, 1, 2, 1
 | 2, 2, 2, 1, 2, 2, 2, 1, 2, 2, 2, 1, 2, 2, 2, 1, 2, 2, 2
 | 1, 1, 2, 2, 1, 2, 2, 2, 1, 1, 2, 2, 1, 1, 2, 2, 2, 1, 2
 | 1, 2, 2, 1, 1, 2, 2, 2, 1, 2, 1, 1, 2, 1, 1, 1, 2, 1, 2
 |];
travel = 
[| 1, 1, 3, 1,  1,  5, 6, 1, 7, 0, 0,  4,  4, 0,  0,  1, 1, 0,  0,  0
 | 0, 2, 1, 1,  0,  5, 1, 6, 0, 8, 8,  0,  8, 1,  7,  5, 5, 3,  3,  0
 | 1, 3, 2, 4,  1,  5, 0, 7, 1, 3, 9,  0,  0, 6,  6,  0, 0, 3,  3,  0
 | 0, 0, 0, 5,  5,  0, 1, 7, 8, 9, 9, 10, 10, 8,  8,  0, 0, 9,  2,  7
 | 1, 1, 2, 0,  3,  1, 2, 6, 6, 4, 6,  5,  5, 6,  1,  5, 8, 1,  3,  8
 | 0, 0, 1, 5,  4,  2, 1, 3, 8, 8, 0,  8,  8, 6,  6,  5, 5, 0,  0,  0
 | 2, 2, 0, 0,  3,  3, 0, 0, 8, 8, 0,  4,  4, 0,  0,  3, 3, 5,  5,  0
 | 0, 2, 1, 9,  8,  9, 9, 0, 4, 3, 1,  8,  1, 9,  4,  4, 7, 7,  6,  6
 | 0, 0, 8, 8,  0,  8, 8, 7, 7, 0, 3,  3,  0, 1,  1,  0, 5, 1,  3,  1
 | 2, 2, 0, 0, 10, 10, 0, 0, 9, 9, 6,  6,  4, 4,  0,  0, 1, 3,  4,  0
 | 4, 4, 0, 0,  3,  3, 0, 0, 9, 1, 2,  8,  7, 9,  4,  2, 0, 3,  4,  1
 | 8, 9, 3, 0,  0,  3, 3, 0, 7, 7, 9,  1, 10, 2,  2,  6, 8, 6,  0,  0
 | 1, 1, 2, 3,  5,  0, 1, 6, 7, 0, 9,  1,  2, 8,  3,  2, 1, 6,  0,  0
 | 0, 0, 0, 2,  2,  0, 1, 1, 0, 0, 7,  7,  0, 7,  2,  2, 9, 0,  0,  0
 | 0, 5, 5, 5,  1,  4, 0, 3, 3, 9, 9,  0,  8, 8,  6,  8, 6, 0,  8,  8
 | 3, 8, 1, 6,  4,  2, 2, 9, 6, 3, 1,  2,  6, 7,  6,  1, 2, 5, 10, 10
 | 0, 2, 2, 7,  3,  4, 6, 6, 2, 1, 3,  0,  5, 5, 10, 10, 0, 9,  9,  0
 | 1, 3, 3, 7,  9,  1, 6, 2, 2, 1, 9, 10,  7, 2,  3,  6, 4, 1,  2,  5
 | 0, 0, 7, 1,  8,  6, 3, 4, 5, 0, 1,  9, 10, 0,  7,  2, 1, 4,  2,  2
 | 0, 7, 1, 6,  0,  9, 2, 8, 3, 4, 4,  0,  7, 7,  0,  0, 4, 4,  2,  2
 |];
objective = 1424;
% time elapsed: 6.45 s
----------
opponent = 
[|  2,  3,  4,  5,  6,  9,  7,  8, 10, 11, 12, 17, 13, 14, 15, 20, 16, 18, 19
 |  1,  4,  3,  6,  5,  7,  8,  9, 11, 10, 13, 12, 14, 15, 16, 17, 18, 19, 20
 |  4,  1,  2,  7,  8,  5,  6, 10,  9, 12, 11, 13, 15, 17, 14, 16, 19, 20, 18
 |  3,  2,  1,  9,  7,  6,  5, 12,  8, 13, 10, 14, 11, 16, 18, 19, 20, 15, 17
 |  6,  7,  8,  1,  2,  3,  4, 11, 12,  9, 15, 10, 18, 19, 20, 14, 17, 16, 13
 |  5,  8,  7,  2,  1,  4,  3, 13, 14, 15,  9, 18, 10, 20, 19, 11, 12, 17, 16
 |  9,  5,  6,  3,  4,  2,  1, 16, 19,  8, 14, 11, 20, 18, 17, 10, 13, 12, 15
 | 10,  6,  5, 16,  3, 17,  2,  1,  4,  7, 18, 20, 19,  9, 12, 13, 15, 11, 14
 |  7, 12, 17,  4, 18,  1, 20,  2,  3,  5,  6, 19, 16,  8, 11, 15, 14, 13, 10
 |  8, 15, 16, 17, 20, 18, 19,  3,  1,  2,  4,  5,  6, 12, 13,  7, 11, 14,  9
 | 15, 16, 18, 19, 14, 20, 17,  5,  2,  1,  3,  7,  4, 13,  9,  6, 10,  8, 12
 | 20,  9, 19, 14, 16, 15, 13,  4,  5,  3,  1,  2, 17, 10,  8, 18,  6,  7, 11
 | 14, 20, 15, 18, 17, 19, 12,  6, 16,  4,  2,  3,  1, 11, 10,  8,  7,  9,  5
 | 13, 19, 20, 12, 11, 16, 15, 17,  6, 18,  7,  4,  2,  1,  3,  5,  9, 10,  8
 | 11, 10, 13, 20, 19, 12, 14, 18, 17,  6,  5, 16,  3,  2,  1,  9,  8,  4,  7
 | 17, 11, 10,  8, 12, 14, 18,  7, 13, 19, 20, 15,  9,  4,  2,  3,  1,  5,  6
 | 16, 18,  9, 10, 13,  8, 11, 14, 15, 20, 19,  1, 12,  3,  7,  2,  5,  6,  4
 | 19, 17, 11, 13,  9, 10, 16, 15, 20, 14,  8,  6,  5,  7,  4, 12,  2,  1,  3
 | 18, 14, 12, 11, 15, 13, 10, 20,  7, 16, 17,  9,  8,  5,  6,  4,  3,  2,  1
 | 12, 13, 14, 15, 10, 11,  9, 19, 18, 17, 16,  8,  7,  6,  5,  1,  4,  3,  2
 |];
venue = 
[| 2, 1, 2, 2, 2, 1, 2, 2, 1, 1, 1, 2, 1, 1, 1, 2, 1, 1, 1
 | 1, 2, 2, 1, 1, 2, 2, 1, 1, 2, 1, 1, 2, 2, 1, 2, 1, 2, 1
 | 2, 2, 1, 2, 2, 1, 1, 2, 2, 2, 1, 1, 1, 2, 1, 1, 1, 2, 1
 | 1, 1, 1, 2, 1, 1, 2, 2, 1, 2, 1, 2, 1, 2, 1, 1, 1, 2, 2
 | 2, 2, 1, 1, 2, 2, 1, 2, 1, 2, 2, 2, 1, 2, 2, 1, 2, 2, 2
 | 1, 1, 2, 2, 1, 2, 2, 1, 2, 1, 1, 2, 1, 2, 1, 2, 1, 1, 1
 | 2, 1, 1, 1, 2, 1, 1, 1, 2, 1, 1, 2, 1, 1, 1, 2, 1, 2, 1
 | 1, 2, 2, 2, 1, 2, 1, 1, 2, 2, 1, 2, 2, 1, 2, 1, 2, 1, 2
 | 1, 1, 2, 1, 1, 2, 1, 2, 1, 1, 2, 1, 1, 2, 1, 1, 2, 2, 2
 | 2, 1, 1, 1, 2, 1, 1, 1, 2, 1, 2, 1, 2, 1, 1, 1, 2, 2, 1
 | 2, 1, 1, 1, 2, 1, 1, 1, 2, 2, 2, 1, 2, 2, 2, 1, 1, 2, 2
 | 2, 2, 1, 1, 1, 2, 1, 1, 2, 1, 2, 2, 1, 2, 1, 2, 2, 1, 1
 | 2, 1, 2, 2, 1, 1, 2, 2, 1, 1, 2, 2, 2, 1, 2, 2, 2, 1, 1
 | 1, 1, 1, 2, 1, 1, 2, 1, 1, 1, 2, 1, 1, 2, 2, 2, 1, 1, 1
 | 1, 2, 1, 2, 2, 1, 1, 2, 1, 2, 1, 1, 2, 1, 2, 2, 1, 1, 2
 | 2, 2, 2, 1, 2, 2, 1, 2, 2, 2, 1, 2, 2, 1, 2, 2, 2, 1, 2
 | 1, 1, 1, 2, 2, 1, 2, 2, 2, 1, 2, 1, 2, 1, 2, 1, 1, 2, 1
 | 2, 2, 2, 1, 2, 2, 2, 1, 2, 2, 2, 1, 2, 2, 2, 1, 2, 2, 2
 | 1, 2, 2, 2, 1, 2, 2, 2, 1, 1, 1, 2, 1, 1, 2, 2, 2, 1, 2
 | 1, 2, 2, 1, 1, 2, 2, 1, 1, 2, 2, 1, 2, 1, 1, 1, 2, 1, 2
 |];
travel = 
[| 1, 1, 3, 1,  1,  5, 6,  1, 7, 0, 0,  4,  4, 0,  0,  1, 1, 0,  0,  0
 | 0, 2, 1, 1,  0,  5, 1,  6, 0, 8, 8,  0,  8, 1,  7,  5, 5, 3,  3,  0
 | 1, 3, 2, 4,  1,  5, 0,  7, 1, 3, 9,  0,  0, 6,  6,  0, 0, 3,  3,  0
 | 0, 0, 0, 5,  5,  0, 1,  7, 8, 9, 9, 10, 10, 8,  8,  0, 0, 9,  2,  7
 | 1, 1, 2, 0,  3,  1, 2,  6, 6, 4, 6,  5,  5, 6,  1,  5, 8, 1,  3,  8
 | 0, 0, 1, 5,  4,  2, 1,  3, 8, 8, 0,  8,  8, 6,  6,  5, 5, 0,  0,  0
 | 2, 2, 0, 0,  3,  3, 0,  0, 8, 8, 0,  4,  4, 0,  0,  3, 3, 5,  5,  0
 | 0, 2, 1, 9,  8,  9, 9,  0, 4, 3, 1,  8,  1, 9,  4,  4, 7, 7,  6,  6
 | 0, 0, 8, 8,  0,  8, 8,  7, 7, 0, 3,  3,  0, 1,  1,  0, 5, 1,  3,  1
 | 2, 2, 0, 0, 10, 10, 0,  0, 9, 9, 6,  6,  4, 4,  0,  0, 1, 3,  4,  0
 | 4, 4, 0, 0,  3,  3, 0,  0, 9, 1, 2,  8,  7, 9,  4,  2, 0, 3,  4,  1
 | 8, 9, 3, 0,  0,  3, 3,  0, 7, 7, 9,  1, 10, 2,  2,  6, 8, 6,  0,  0
 | 1, 1, 2, 3,  5,  0, 1,  6, 7, 0, 9,  1,  2, 8,  3,  2, 1, 6,  0,  0
 | 0, 0, 0, 2,  2,  0, 1,  1, 0, 0, 7,  7,  0, 7,  2,  2, 9, 0,  0,  0
 | 0, 5, 5, 5,  1,  4, 0,  3, 3, 9, 9,  0,  8, 8,  6,  8, 6, 0,  8,  8
 | 1, 6, 1, 6,  4,  2, 2,  9, 6, 6, 3,  1,  6, 7,  6,  1, 2, 5, 10, 10
 | 0, 0, 0, 7,  3,  4, 6,  3, 1, 2, 2,  2,  5, 5, 10, 10, 0, 9,  9,  0
 | 1, 2, 6, 7,  9,  1, 6,  2, 2, 6, 6, 10,  7, 2,  3,  6, 4, 1,  2,  5
 | 0, 5, 2, 1,  8,  6, 3, 10, 1, 0, 0, 10, 10, 0,  7,  2, 1, 4,  2,  2
 | 0, 7, 1, 6,  0,  9, 2,  9, 0, 3, 1,  4,  7, 7,  0,  0, 4, 4,  2,  2
 |];
objective = 1422;
% time elapsed: 6.54 s
----------
opponent = 
[|  2,  3,  4,  5,  6,  9,  7,  8, 10, 11, 12, 17, 13, 14, 15, 20, 16, 18, 19
 |  1,  4,  3,  6,  5,  7,  8,  9, 11, 10, 13, 12, 14, 15, 16, 17, 18, 19, 20
 |  4,  1,  2,  7,  8,  5,  6, 10,  9, 12, 11, 13, 15, 17, 14, 16, 19, 20, 18
 |  3,  2,  1,  9,  7,  6,  5, 12,  8, 13, 10, 14, 11, 16, 18, 19, 20, 15, 17
 |  6,  7,  8,  1,  2,  3,  4, 11, 12,  9, 15, 10, 18, 19, 20, 14, 17, 16, 13
 |  5,  8,  7,  2,  1,  4,  3, 13, 14, 15,  9, 18, 10, 20, 19, 11, 12, 17, 16
 |  9,  5,  6,  3,  4,  2,  1, 16, 19,  8, 14, 11, 20, 18, 17, 10, 13, 12, 15
 | 10,  6,  5, 16,  3, 17,  2,  1,  4,  7, 18, 20, 19,  9, 12, 13, 15, 11, 14
 |  7, 12, 17,  4, 18,  1, 20,  2,  3,  5,  6, 19, 16,  8, 11, 15, 14, 13, 10
 |  8, 15, 16, 17, 20, 18, 19,  3,  1,  2,  4,  5,  6, 12, 13,  7, 11, 14,  9
 | 16, 19, 15, 20, 17, 14, 18,  5,  2,  1,  3,  7,  4, 13,  9,  6, 10,  8, 12
 | 20,  9, 19, 14, 16, 15, 13,  4,  5,  3,  1,  2, 17, 10,  8, 18,  6,  7, 11
 | 14, 17, 20, 18, 15, 19, 12,  6, 16,  4,  2,  3,  1, 11, 10,  8,  7,  9,  5
 | 13, 16, 18, 12, 19, 11, 15, 20,  6, 17,  7,  4,  2,  1,  3,  5,  9, 10,  8
 | 17, 10, 11, 19, 13, 12, 14, 18, 20,  6,  5, 16,  3,  2,  1,  9,  8,  4,  7
 | 11, 14, 10,  8, 12, 20, 17,  7, 13, 18, 19, 15,  9,  4,  2,  3,  1,  5,  6
 | 15, 13,  9, 10, 11,  8, 16, 19, 18, 14, 20,  1, 12,  3,  7,  2,  5,  6,  4
 | 19, 20, 14, 13,  9, 10, 11, 15, 17, 16,  8,  6,  5,  7,  4, 12,  2,  1,  3
 | 18, 11, 12, 15, 14, 13, 10, 17,  7, 20, 16,  9,  8,  5,  6,  4,  3,  2,  1
 | 12, 18, 13, 11, 10, 16,  9, 14, 15, 19, 17,  8,  7,  6,  5,  1,  4,  3,  2
 |];
venue = 
[| 2, 1, 2, 2, 2, 1, 2, 2, 1, 1, 1, 2, 1, 1, 1, 2, 1, 1, 1
 | 1, 2, 2, 1, 1, 2, 2, 1, 1, 2, 1, 1, 2, 2, 1, 2, 1, 2, 1
 | 2, 2, 1, 2, 2, 1, 1, 2, 2, 2, 1, 1, 1, 2, 1, 1, 1, 2, 1
 | 1, 1, 1, 2, 1, 1, 2, 2, 1, 2, 1, 2, 1, 2, 1, 1, 1, 2, 2
 | 2, 2, 1, 1, 2, 2, 1, 2, 1, 2, 2, 2, 1, 2, 2, 1, 2, 2, 2
 | 1, 1, 2, 2, 1, 2, 2, 1, 2, 1, 1, 2, 1, 2, 1, 2, 1, 1, 1
 | 2, 1, 1, 1, 2, 1, 1, 1, 2, 1, 1, 2, 1, 1, 1, 2, 1, 2, 1
 | 1, 2, 2, 2, 1, 2, 1, 1, 2, 2, 1, 2, 2, 1, 2, 1, 2, 1, 2
 | 1, 1, 2, 1, 1, 2, 1, 2, 1, 1, 2, 1, 1, 2, 1, 1, 2, 2, 2
 | 2, 1, 1, 1, 2, 1, 1, 1, 2, 1, 2, 1, 2, 1, 1, 1, 2, 2, 1
 | 1, 1, 2, 1, 1, 2, 1, 1, 2, 2, 2, 1, 2, 2, 2, 1, 1, 2, 2
 | 2, 2, 1, 1, 1, 2, 1, 1, 2, 1, 2, 2, 1, 2, 1, 2, 2, 1, 1
 | 2, 1, 1, 2, 2, 1, 2, 2, 1, 1, 2, 2, 2, 1, 2, 2, 2, 1, 1
 | 1, 1, 1, 2, 1, 1, 2, 1, 1, 1, 2, 1, 1, 2, 2, 2, 1, 1, 1
 | 1, 2, 1, 2, 1, 1, 1, 2, 2, 2, 1, 1, 2, 1, 2, 2, 1, 1, 2
 | 2, 2, 2, 1, 2, 1, 2, 2, 2, 1, 2, 2, 2, 1, 2, 2, 2, 1, 2
 | 2, 2, 1, 2, 2, 1, 1, 2, 1, 2, 1, 1, 2, 1, 2, 1, 1, 2, 1
 | 2, 2, 2, 1, 2, 2, 2, 1, 2, 2, 2, 1, 2, 2, 2, 1, 2, 2, 2
 | 1, 2, 2, 1, 2, 2, 2, 1, 1, 2, 1, 2, 1, 1, 2, 2, 2, 1, 2
 | 1, 1, 2, 2, 1, 2, 2, 2, 1, 1, 2, 1, 2, 1, 1, 1, 2, 1, 2
 |];
travel = 
[| 1, 1, 3, 1,  1,  5, 6,  1, 7, 0, 0,  4,  4, 0,  0,  1, 1, 0,  0,  0
 | 0, 2, 1, 1,  0,  5, 1,  6, 0, 8, 8,  0,  8, 1,  7,  5, 5, 3,  3,  0
 | 1, 3, 2, 4,  1,  5, 0,  7, 1, 3, 9,  0,  0, 6,  6,  0, 0, 3,  3,  0
 | 0, 0, 0, 5,  5,  0, 1,  7, 8, 9, 9, 10, 10, 8,  8,  0, 0, 9,  2,  7
 | 1, 1, 2, 0,  3,  1, 2,  6, 6, 4, 6,  5,  5, 6,  1,  5, 8, 1,  3,  8
 | 0, 0, 1, 5,  4,  2, 1,  3, 8, 8, 0,  8,  8, 6,  6,  5, 5, 0,  0,  0
 | 2, 2, 0, 0,  3,  3, 0,  0, 8, 8, 0,  4,  4, 0,  0,  3, 3, 5,  5,  0
 | 0, 2, 1, 9,  8,  9, 9,  0, 4, 3, 1,  8,  1, 9,  4,  4, 7, 7,  6,  6
 | 0, 0, 8, 8,  0,  8, 8,  7, 7, 0, 3,  3,  0, 1,  1,  0, 5, 1,  3,  1
 | 2, 2, 0, 0, 10, 10, 0,  0, 9, 9, 6,  6,  4, 4,  0,  0, 1, 3,  4,  0
 | 0, 0, 4, 4,  0,  3, 3,  0, 9, 1, 2,  8,  7, 9,  4,  2, 0, 3,  4,  1
 | 8, 9, 3, 0,  0,  3, 3,  0, 7, 7, 9,  1, 10, 2,  2,  6, 8, 6,  0,  0
 | 1, 1, 0, 5,  3,  2, 1,  6, 7, 0, 9,  1,  2, 8,  3,  2, 1, 6,  0,  0
 | 0, 0, 0, 2,  2,  0, 1,  1, 0, 0, 7,  7,  0, 7,  2,  2, 9, 0,  0,  0
 | 0, 5, 5, 4,  4,  0, 0,  3, 2, 6, 9,  0,  8, 8,  6,  8, 6, 0,  8,  8
 | 5, 3, 4, 6,  4,  4, 1, 10, 6, 3, 3,  4,  6, 7,  6,  1, 2, 5, 10, 10
 | 2, 2, 4, 7,  1,  6, 0,  2, 2, 3, 3,  0,  5, 5, 10, 10, 0, 9,  9,  0
 | 1, 1, 6, 4,  9,  1, 1,  7, 1, 1, 8, 10,  7, 2,  3,  6, 4, 1,  2,  5
 | 0, 8, 1, 7,  5,  1, 3,  9, 0, 1, 1, 10, 10, 0,  7,  2, 1, 4,  2,  2
 | 0, 0, 7, 2,  9,  4, 7,  5, 6, 0, 3,  3,  7, 7,  0,  0, 4, 4,  2,  2
 |];
objective = 1420;
% time elapsed: 7.87 s
----------
opponent = 
[|  2,  3,  4,  5,  6,  9,  7,  8, 10, 11, 12, 17, 13, 14, 15, 20, 16, 18, 19
 |  1,  4,  3,  6,  5,  7,  8,  9, 11, 10, 13, 12, 14, 15, 16, 17, 18, 19, 20
 |  4,  1,  2,  7,  8,  5,  6, 10,  9, 12, 11, 13, 15, 17, 14, 16, 19, 20, 18
 |  3,  2,  1,  9,  7,  6,  5, 12,  8, 13, 10, 14, 11, 16, 18, 19, 20, 15, 17
 |  6,  7,  8,  1,  2,  3,  4, 11, 12,  9, 15, 10, 18, 19, 20, 14, 17, 16, 13
 |  5,  8,  7,  2,  1,  4,  3, 13, 14, 15,  9, 18, 10, 20, 19, 11, 12, 17, 16
 |  9,  5,  6,  3,  4,  2,  1, 16, 19,  8, 14, 11, 20, 18, 17, 10, 13, 12, 15
 | 10,  6,  5, 16,  3, 17,  2,  1,  4,  7, 18, 20, 19,  9, 12, 13, 15, 11, 14
 |  7, 12, 17,  4, 18,  1, 20,  2,  3,  5,  6, 19, 16,  8, 11, 15, 14, 13, 10
 |  8, 15, 16, 17, 20, 18, 19,  3,  1,  2,  4,  5,  6, 12, 13,  7, 11, 14,  9
 | 18, 16, 14, 19, 17, 20, 15,  5,  2,  1,  3,  7,  4, 13,  9,  6, 10,  8, 12
 | 13,  9, 19, 20, 15, 16, 14,  4,  5,  3,  1,  2, 17, 10,  8, 18,  6,  7, 11
 | 12, 20, 15, 18, 19, 14, 17,  6, 16,  4,  2,  3,  1, 11, 10,  8,  7,  9,  5
 | 20, 17, 11, 15, 16, 13, 12, 19,  6, 18,  7,  4,  2,  1,  3,  5,  9, 10,  8
 | 17, 10, 13, 14, 12, 19, 11, 18, 20,  6,  5, 16,  3,  2,  1,  9,  8,  4,  7
 | 19, 11, 10,  8, 14, 12, 18,  7, 13, 17, 20, 15,  9,  4,  2,  3,  1,  5,  6
 | 15, 14,  9, 10, 11,  8, 13, 20, 18, 16, 19,  1, 12,  3,  7,  2,  5,  6,  4
 | 11, 19, 20, 13,  9, 10, 16, 15, 17, 14,  8,  6,  5,  7,  4, 12,  2,  1,  3
 | 16, 18, 12, 11, 13, 15, 10, 14,  7, 20, 17,  9,  8,  5,  6,  4,  3,  2,  1
 | 14, 13, 18, 12, 10, 11,  9, 17, 15, 19, 16,  8,  7,  6,  5,  1,  4,  3,  2
 |];
venue = 
[| 2, 1, 2, 2, 2, 1, 2, 2, 1, 1, 1, 2, 1, 1, 1, 2, 1, 1, 1
 | 1, 2, 2, 1, 1, 2, 2, 1, 1, 2, 1, 1, 2, 2, 1, 2, 1, 2, 1
 | 2, 2, 1, 2, 2, 1, 1, 2, 2, 2, 1, 1, 1, 2, 1, 1, 1, 2, 1
 | 1, 1, 1, 2, 1, 1, 2, 2, 1, 2, 1, 2, 1, 2, 1, 1, 1, 2, 2
 | 2, 2, 1, 1, 2, 2, 1, 2, 1, 2, 2, 2, 1, 2, 2, 1, 2, 2, 2
 | 1, 1, 2, 2, 1, 2, 2, 1, 2, 1, 1, 2, 1, 2, 1, 2, 1, 1, 1
 | 2, 1, 1, 1, 2, 1, 1, 1, 2, 1, 1, 2, 1, 1, 1, 2, 1, 2, 1
 | 1, 2, 2, 2, 1, 2, 1, 1, 2, 2, 1, 2, 2, 1, 2, 1, 2, 1, 2
 | 1, 1, 2, 1, 1, 2, 1, 2, 1, 1, 2, 1, 1, 2, 1, 1, 2, 2, 2
 | 2, 1, 1, 1, 2, 1, 1, 1, 2, 1, 2, 1, 2, 1, 1, 1, 2, 2, 1
 | 1, 1, 2, 1, 1, 1, 2, 1, 2, 2, 2, 1, 2, 2, 2, 1, 1, 2, 2
 | 1, 2, 1, 2, 2, 1, 1, 1, 2, 1, 2, 2, 1, 2, 1, 2, 2, 1, 1
 | 2, 1, 2, 2, 1, 2, 1, 2, 1, 1, 2, 2, 2, 1, 2, 2, 2, 1, 1
 | 1, 1, 1, 2, 1, 1, 2, 1, 1, 1, 2, 1, 1, 2, 2, 2, 1, 1, 1
 | 1, 2, 1, 1, 1, 2, 1, 2, 2, 2, 1, 1, 2, 1, 2, 2, 1, 1, 2
 | 2, 2, 2, 1, 2, 2, 1, 2, 2, 2, 1, 2, 2, 1, 2, 2, 2, 1, 2
 | 2, 2, 1, 2, 2, 1, 2, 1, 1, 1, 2, 1, 2, 1, 2, 1, 1, 2, 1
 | 2, 2, 2, 1, 2, 2, 2, 1, 2, 2, 2, 1, 2, 2, 2, 1, 2, 2, 2
 | 1, 1, 2, 2, 2, 1, 2, 2, 1, 2, 1, 2, 1, 1, 2, 2, 2, 1, 2
 | 2, 2, 1, 1, 1, 2, 2, 2, 1, 1, 2, 1, 2, 1, 1, 1, 2, 1, 2
 |];
travel = 
[| 1, 1, 3, 1,  1,  5, 6, 1, 7, 0, 0,  4,  4, 0,  0,  1, 1, 0,  0,  0
 | 0, 2, 1, 1,  0,  5, 1, 6, 0, 8, 8,  0,  8, 1,  7,  5, 5, 3,  3,  0
 | 1, 3, 2, 4,  1,  5, 0, 7, 1, 3, 9,  0,  0, 6,  6,  0, 0, 3,  3,  0
 | 0, 0, 0, 5,  5,  0, 1, 7, 8, 9, 9, 10, 10, 8,  8,  0, 0, 9,  2,  7
 | 1, 1, 2, 0,  3,  1, 2, 6, 6, 4, 6,  5,  5, 6,  1,  5, 8, 1,  3,  8
 | 0, 0, 1, 5,  4,  2, 1, 3, 8, 8, 0,  8,  8, 6,  6,  5, 5, 0,  0,  0
 | 2, 2, 0, 0,  3,  3, 0, 0, 8, 8, 0,  4,  4, 0,  0,  3, 3, 5,  5,  0
 | 0, 2, 1, 9,  8,  9, 9, 0, 4, 3, 1,  8,  1, 9,  4,  4, 7, 7,  6,  6
 | 0, 0, 8, 8,  0,  8, 8, 7, 7, 0, 3,  3,  0, 1,  1,  0, 5, 1,  3,  1
 | 2, 2, 0, 0, 10, 10, 0, 0, 9, 9, 6,  6,  4, 4,  0,  0, 1, 3,  4,  0
 | 0, 0, 3, 3,  0,  0, 4, 4, 9, 1, 2,  8,  7, 9,  4,  2, 0, 3,  4,  1
 | 0, 3, 3, 8,  5,  3, 0, 0, 7, 7, 9,  1, 10, 2,  2,  6, 8, 6,  0,  0
 | 1, 1, 2, 3,  5,  1, 1, 7, 7, 0, 9,  1,  2, 8,  3,  2, 1, 6,  0,  0
 | 0, 0, 0, 1,  1,  0, 2, 2, 0, 0, 7,  7,  0, 7,  2,  2, 9, 0,  0,  0
 | 0, 5, 5, 0,  0,  4, 4, 3, 2, 6, 9,  0,  8, 8,  6,  8, 6, 0,  8,  8
 | 3, 8, 1, 6,  2,  2, 4, 9, 6, 4, 1,  1,  6, 7,  6,  1, 2, 5, 10, 10
 | 2, 1, 3, 7,  1,  6, 4, 4, 0, 0, 2,  2,  5, 5, 10, 10, 0, 9,  9,  0
 | 7, 8, 1, 2,  9,  1, 6, 2, 1, 3, 6, 10,  7, 2,  3,  6, 4, 1,  2,  5
 | 0, 0, 7, 1,  2,  6, 9, 4, 5, 1, 1, 10, 10, 0,  7,  2, 1, 4,  2,  2
 | 6, 1, 7, 0,  0,  9, 2, 8, 3, 0, 4,  4,  7, 7,  0,  0, 4, 4,  2,  2
 |];
objective = 1416;
% time elapsed: 8.94 s
----------
opponent = 
[|  2,  3,  4,  5,  6,  9,  7,  8, 10, 11, 12, 17, 13, 14, 15, 20, 16, 18, 19
 |  1,  4,  3,  6,  5,  7,  8,  9, 11, 10, 13, 12, 14, 15, 16, 17, 18, 19, 20
 |  4,  1,  2,  7,  8,  5,  6, 10,  9, 12, 11, 13, 15, 17, 14, 16, 19, 20, 18
 |  3,  2,  1,  9,  7,  6,  5, 12,  8, 13, 10, 14, 11, 16, 18, 19, 20, 15, 17
 |  6,  7,  8,  1,  2,  3,  4, 11, 12,  9, 15, 10, 18, 19, 20, 14, 17, 16, 13
 |  5,  8,  7,  2,  1,  4,  3, 13, 14, 15,  9, 18, 10, 20, 19, 11, 12, 17, 16
 |  9,  5,  6,  3,  4,  2,  1, 16, 19,  8, 14, 11, 20, 18, 17, 10, 13, 12, 15
 | 10,  6,  5, 16,  3, 17,  2,  1,  4,  7, 18, 20, 19,  9, 12, 13, 15, 11, 14
 |  7, 12, 17,  4, 18,  1, 20,  2,  3,  5,  6, 19, 16,  8, 11, 15, 14, 13, 10
 |  8, 15, 16, 17, 20, 18, 19,  3,  1,  2,  4,  5,  6, 12, 13,  7, 11, 14,  9
 | 18, 16, 14, 19, 17, 20, 15,  5,  2,  1,  3,  7,  4, 13,  9,  6, 10,  8, 12
 | 13,  9, 19, 20, 15, 16, 14,  4,  5,  3,  1,  2, 17, 10,  8, 18,  6,  7, 11
 | 12, 20, 15, 18, 19, 14, 17,  6, 16,  4,  2,  3,  1, 11, 10,  8,  7,  9,  5
 | 20, 17, 11, 15, 16, 13, 12, 19,  6, 18,  7,  4,  2,  1,  3,  5,  9, 10,  8
 | 17, 10, 13, 14, 12, 19, 11, 18, 20,  6,  5, 16,  3,  2,  1,  9,  8,  4,  7
 | 19, 11, 10,  8, 14, 12, 18,  7, 13, 20, 17, 15,  9,  4,  2,  3,  1,  5,  6
 | 15, 14,  9, 10, 11,  8, 13, 20, 18, 19, 16,  1, 12,  3,  7,  2,  5,  6,  4
 | 11, 19, 20, 13,  9, 10, 16, 15, 17, 14,  8,  6,  5,  7,  4, 12,  2,  1,  3
 | 16, 18, 12, 11, 13, 15, 10, 14,  7, 17, 20,  9,  8,  5,  6,  4,  3,  2,  1
 | 14, 13, 18, 12, 10, 11,  9, 17, 15, 16, 19,  8,  7,  6,  5,  1,  4,  3,  2
 |];
venue = 
[| 2, 1, 2, 2, 2, 1, 2, 2, 1, 1, 1, 2, 1, 1, 1, 2, 1, 1, 1
 | 1, 2, 2, 1, 1, 2, 2, 1, 1, 2, 1, 1, 2, 2, 1, 2, 1, 2, 1
 | 2, 2, 1, 2, 2, 1, 1, 2, 2, 2, 1, 1, 1, 2, 1, 1, 1, 2, 1
 | 1, 1, 1, 2, 1, 1, 2, 2, 1, 2, 1, 2, 1, 2, 1, 1, 1, 2, 2
 | 2, 2, 1, 1, 2, 2, 1, 2, 1, 2, 2, 2, 1, 2, 2, 1, 2, 2, 2
 | 1, 1, 2, 2, 1, 2, 2, 1, 2, 1, 1, 2, 1, 2, 1, 2, 1, 1, 1
 | 2, 1, 1, 1, 2, 1, 1, 1, 2, 1, 1, 2, 1, 1, 1, 2, 1, 2, 1
 | 1, 2, 2, 2, 1, 2, 1, 1, 2, 2, 1, 2, 2, 1, 2, 1, 2, 1, 2
 | 1, 1, 2, 1, 1, 2, 1, 2, 1, 1, 2, 1, 1, 2, 1, 1, 2, 2, 2
 | 2, 1, 1, 1, 2, 1, 1, 1, 2, 1, 2, 1, 2, 1, 1, 1, 2, 2, 1
 | 1, 1, 2, 1, 1, 1, 2, 1, 2, 2, 2, 1, 2, 2, 2, 1, 1, 2, 2
 | 1, 2, 1, 2, 2, 1, 1, 1, 2, 1, 2, 2, 1, 2, 1, 2, 2, 1, 1
 | 2, 1, 2, 2, 1, 2, 1, 2, 1, 1, 2, 2, 2, 1, 2, 2, 2, 1, 1
 | 1, 1, 1, 2, 1, 1, 2, 1, 1, 1, 2, 1, 1, 2, 2, 2, 1, 1, 1
 | 1, 2, 1, 1, 1, 2, 1, 2, 2, 2, 1, 1, 2, 1, 2, 2, 1, 1, 2
 | 2, 2, 2, 1, 2, 2, 1, 2, 2, 1, 2, 2, 2, 1, 2, 2, 2, 1, 2
 | 2, 2, 1, 2, 2, 1, 2, 1, 1, 2, 1, 1, 2, 1, 2, 1, 1, 2, 1
 | 2, 2, 2, 1, 2, 2, 2, 1, 2, 2, 2, 1, 2, 2, 2, 1, 2, 2, 2
 | 1, 1, 2, 2, 2, 1, 2, 2, 1, 1, 2, 2, 1, 1, 2, 2, 2, 1, 2
 | 2, 2, 1, 1, 1, 2, 2, 2, 1, 2, 1, 1, 2, 1, 1, 1, 2, 1, 2
 |];
travel = 
[| 1, 1, 3, 1,  1,  5, 6, 1, 7, 0, 0,  4,  4, 0,  0,  1, 1, 0,  0,  0
 | 0, 2, 1, 1,  0,  5, 1, 6, 0, 8, 8,  0,  8, 1,  7,  5, 5, 3,  3,  0
 | 1, 3, 2, 4,  1,  5, 0, 7, 1, 3, 9,  0,  0, 6,  6,  0, 0, 3,  3,  0
 | 0, 0, 0, 5,  5,  0, 1, 7, 8, 9, 9, 10, 10, 8,  8,  0, 0, 9,  2,  7
 | 1, 1, 2, 0,  3,  1, 2, 6, 6, 4, 6,  5,  5, 6,  1,  5, 8, 1,  3,  8
 | 0, 0, 1, 5,  4,  2, 1, 3, 8, 8, 0,  8,  8, 6,  6,  5, 5, 0,  0,  0
 | 2, 2, 0, 0,  3,  3, 0, 0, 8, 8, 0,  4,  4, 0,  0,  3, 3, 5,  5,  0
 | 0, 2, 1, 9,  8,  9, 9, 0, 4, 3, 1,  8,  1, 9,  4,  4, 7, 7,  6,  6
 | 0, 0, 8, 8,  0,  8, 8, 7, 7, 0, 3,  3,  0, 1,  1,  0, 5, 1,  3,  1
 | 2, 2, 0, 0, 10, 10, 0, 0, 9, 9, 6,  6,  4, 4,  0,  0, 1, 3,  4,  0
 | 0, 0, 3, 3,  0,  0, 4, 4, 9, 1, 2,  8,  7, 9,  4,  2, 0, 3,  4,  1
 | 0, 3, 3, 8,  5,  3, 0, 0, 7, 7, 9,  1, 10, 2,  2,  6, 8, 6,  0,  0
 | 1, 1, 2, 3,  5,  1, 1, 7, 7, 0, 9,  1,  2, 8,  3,  2, 1, 6,  0,  0
 | 0, 0, 0, 1,  1,  0, 2, 2, 0, 0, 7,  7,  0, 7,  2,  2, 9, 0,  0,  0
 | 0, 5, 5, 0,  0,  4, 4, 3, 2, 6, 9,  0,  8, 8,  6,  8, 6, 0,  8,  8
 | 3, 8, 1, 6,  2,  2, 4, 9, 6, 3, 1,  2,  6, 7,  6,  1, 2, 5, 10, 10
 | 2, 1, 3, 7,  1,  6, 4, 4, 0, 2, 2,  0,  5, 5, 10, 10, 0, 9,  9,  0
 | 7, 8, 1, 2,  9,  1, 6, 2, 1, 3, 6, 10,  7, 2,  3,  6, 4, 1,  2,  5
 | 0, 0, 7, 1,  2,  6, 9, 4, 5, 0, 1,  9, 10, 0,  7,  2, 1, 4,  2,  2
 | 6, 1, 7, 0,  0,  9, 2, 8, 3, 4, 4,  0,  7, 7,  0,  0, 4, 4,  2,  2
 |];
objective = 1414;
% time elapsed: 9.09 s
----------
opponent = 
[|  2,  3,  4,  5,  6,  9,  7,  8, 10, 11, 12, 17, 13, 14, 15, 20, 16, 18, 19
 |  1,  4,  3,  6,  5,  7,  8,  9, 11, 10, 13, 12, 14, 15, 16, 17, 18, 19, 20
 |  4,  1,  2,  7,  8,  5,  6, 10,  9, 12, 11, 13, 15, 17, 14, 16, 19, 20, 18
 |  3,  2,  1,  9,  7,  6,  5, 12,  8, 13, 10, 14, 11, 16, 18, 19, 20, 15, 17
 |  6,  7,  8,  1,  2,  3,  4, 11, 12,  9, 15, 10, 18, 19, 20, 14, 17, 16, 13
 |  5,  8,  7,  2,  1,  4,  3, 13, 14, 15,  9, 18, 10, 20, 19, 11, 12, 17, 16
 |  9,  5,  6,  3,  4,  2,  1, 16, 19,  8, 14, 11, 20, 18, 17, 10, 13, 12, 15
 | 10,  6,  5, 16,  3, 17,  2,  1,  4,  7, 18, 20, 19,  9, 12, 13, 15, 11, 14
 |  7, 12, 17,  4, 18,  1, 20,  2,  3,  5,  6, 19, 16,  8, 11, 15, 14, 13, 10
 |  8, 15, 19, 17, 20, 18, 16,  3,  1,  2,  4,  5,  6, 12, 13,  7, 11, 14,  9
 | 16, 19, 15, 20, 17, 14, 18,  5,  2,  1,  3,  7,  4, 13,  9,  6, 10,  8, 12
 | 20,  9, 16, 19, 15, 13, 14,  4,  5,  3,  1,  2, 17, 10,  8, 18,  6,  7, 11
 | 15, 17, 20, 18, 14, 12, 19,  6, 16,  4,  2,  3,  1, 11, 10,  8,  7,  9,  5
 | 17, 16, 18, 15, 13, 11, 12, 19,  6, 20,  7,  4,  2,  1,  3,  5,  9, 10,  8
 | 13, 10, 11, 14, 12, 19, 17, 18, 20,  6,  5, 16,  3,  2,  1,  9,  8,  4,  7
 | 11, 14, 12,  8, 19, 20, 10,  7, 13, 18, 17, 15,  9,  4,  2,  3,  1,  5,  6
 | 14, 13,  9, 10, 11,  8, 15, 20, 18, 19, 16,  1, 12,  3,  7,  2,  5,  6,  4
 | 19, 20, 14, 13,  9, 10, 11, 15, 17, 16,  8,  6,  5,  7,  4, 12,  2,  1,  3
 | 18, 11, 10, 12, 16, 15, 13, 14,  7, 17, 20,  9,  8,  5,  6,  4,  3,  2,  1
 | 12, 18, 13, 11, 10, 16,  9, 17, 15, 14, 19,  8,  7,  6,  5,  1,  4,  3,  2
 |];
venue = 
[| 2, 1, 2, 2, 2, 1, 2, 2, 1, 1, 1, 2, 1, 1, 1, 2, 1, 1, 1
 | 1, 2, 2, 1, 1, 2, 2, 1, 1, 2, 1, 1, 2, 2, 1, 2, 1, 2, 1
 | 2, 2, 1, 2, 2, 1, 1, 2, 2, 2, 1, 1, 1, 2, 1, 1, 1, 2, 1
 | 1, 1, 1, 2, 1, 1, 2, 2, 1, 2, 1, 2, 1, 2, 1, 1, 1, 2, 2
 | 2, 2, 1, 1, 2, 2, 1, 2, 1, 2, 2, 2, 1, 2, 2, 1, 2, 2, 2
 | 1, 1, 2, 2, 1, 2, 2, 1, 2, 1, 1, 2, 1, 2, 1, 2, 1, 1, 1
 | 2, 1, 1, 1, 2, 1, 1, 1, 2, 1, 1, 2, 1, 1, 1, 2, 1, 2, 1
 | 1, 2, 2, 2, 1, 2, 1, 1, 2, 2, 1, 2, 2, 1, 2, 1, 2, 1, 2
 | 1, 1, 2, 1, 1, 2, 1, 2, 1, 1, 2, 1, 1, 2, 1, 1, 2, 2, 2
 | 2, 1, 1, 1, 2, 1, 1, 1, 2, 1, 2, 1, 2, 1, 1, 1, 2, 2, 1
 | 1, 1, 2, 1, 1, 2, 1, 1, 2, 2, 2, 1, 2, 2, 2, 1, 1, 2, 2
 | 2, 2, 1, 1, 2, 1, 1, 1, 2, 1, 2, 2, 1, 2, 1, 2, 2, 1, 1
 | 2, 1, 1, 2, 2, 2, 1, 2, 1, 1, 2, 2, 2, 1, 2, 2, 2, 1, 1
 | 1, 1, 1, 2, 1, 1, 2, 1, 1, 1, 2, 1, 1, 2, 2, 2, 1, 1, 1
 | 1, 2, 1, 1, 1, 2, 1, 2, 2, 2, 1, 1, 2, 1, 2, 2, 1, 1, 2
 | 2, 2, 2, 1, 2, 1, 2, 2, 2, 1, 2, 2, 2, 1, 2, 2, 2, 1, 2
 | 2, 2, 1, 2, 2, 1, 2, 1, 1, 2, 1, 1, 2, 1, 2, 1, 1, 2, 1
 | 2, 2, 2, 1, 2, 2, 2, 1, 2, 2, 2, 1, 2, 2, 2, 1, 2, 2, 2
 | 1, 2, 2, 2, 1, 1, 2, 2, 1, 1, 2, 2, 1, 1, 2, 2, 2, 1, 2
 | 1, 1, 2, 2, 1, 2, 2, 2, 1, 2, 1, 1, 2, 1, 1, 1, 2, 1, 2
 |];
travel = 
[| 1, 1, 3, 1,  1,  5, 6, 1, 7, 0, 0,  4,  4, 0,  0,  1, 1, 0,  0,  0
 | 0, 2, 1, 1,  0,  5, 1, 6, 0, 8, 8,  0,  8, 1,  7,  5, 5, 3,  3,  0
 | 1, 3, 2, 4,  1,  5, 0, 7, 1, 3, 9,  0,  0, 6,  6,  0, 0, 3,  3,  0
 | 0, 0, 0, 5,  5,  0, 1, 7, 8, 9, 9, 10, 10, 8,  8,  0, 0, 9,  2,  7
 | 1, 1, 2, 0,  3,  1, 2, 6, 6, 4, 6,  5,  5, 6,  1,  5, 8, 1,  3,  8
 | 0, 0, 1, 5,  4,  2, 1, 3, 8, 8, 0,  8,  8, 6,  6,  5, 5, 0,  0,  0
 | 2, 2, 0, 0,  3,  3, 0, 0, 8, 8, 0,  4,  4, 0,  0,  3, 3, 5,  5,  0
 | 0, 2, 1, 9,  8,  9, 9, 0, 4, 3, 1,  8,  1, 9,  4,  4, 7, 7,  6,  6
 | 0, 0, 8, 8,  0,  8, 8, 7, 7, 0, 3,  3,  0, 1,  1,  0, 5, 1,  3,  1
 | 2, 2, 0, 0, 10, 10, 0, 0, 9, 9, 6,  6,  4, 4,  0,  0, 1, 3,  4,  0
 | 0, 0, 4, 4,  0,  3, 3, 0, 9, 1, 2,  8,  7, 9,  4,  2, 0, 3,  4,  1
 | 8, 9, 3, 0,  3,  3, 0, 0, 7, 7, 9,  1, 10, 2,  2,  6, 8, 6,  0,  0
 | 2, 2, 0, 5,  4,  2, 1, 7, 7, 0, 9,  1,  2, 8,  3,  2, 1, 6,  0,  0
 | 0, 0, 0, 1,  1,  0, 2, 2, 0, 0, 7,  7,  0, 7,  2,  2, 9, 0,  0,  0
 | 0, 5, 5, 0,  0,  4, 4, 3, 2, 6, 9,  0,  8, 8,  6,  8, 6, 0,  8,  8
 | 5, 3, 2, 4,  3,  3, 6, 3, 6, 3, 1,  2,  6, 7,  6,  1, 2, 5, 10, 10
 | 3, 1, 4, 7,  1,  6, 2, 2, 0, 2, 2,  0,  5, 5, 10, 10, 0, 9,  9,  0
 | 1, 1, 6, 4,  9,  1, 1, 7, 1, 1, 8, 10,  7, 2,  3,  6, 4, 1,  2,  5
 | 0, 8, 1, 2,  7,  0, 6, 1, 5, 0, 1,  9, 10, 0,  7,  2, 1, 4,  2,  2
 | 0, 0, 7, 2,  9,  4, 7, 8, 3, 6, 6,  0,  7, 7,  0,  0, 4, 4,  2,  2
 |];
objective = 1410;
% time elapsed: 29.26 s
----------
% Pruned 35017 learnt clauses
opponent = 
[|  2,  3,  4,  5,  6,  9,  7,  8, 10, 11, 12, 17, 13, 14, 15, 20, 16, 18, 19
 |  1,  4,  3,  6,  5,  7,  8,  9, 11, 10, 13, 12, 14, 15, 16, 17, 18, 19, 20
 |  4,  1,  2,  7,  8,  5,  6, 10,  9, 12, 11, 13, 15, 17, 14, 16, 19, 20, 18
 |  3,  2,  1,  9,  7,  6,  5, 12,  8, 13, 10, 14, 11, 16, 18, 19, 20, 15, 17
 |  6,  7,  8,  1,  2,  3,  4, 11, 12,  9, 15, 10, 18, 19, 20, 14, 17, 16, 13
 |  5,  8,  7,  2,  1,  4,  3, 13, 14, 15,  9, 18, 10, 20, 19, 11, 12, 17, 16
 |  9,  5,  6,  3,  4,  2,  1, 16, 19,  8, 14, 11, 20, 18, 17, 10, 13, 12, 15
 | 10,  6,  5, 16,  3, 17,  2,  1,  4,  7, 18, 20, 19,  9, 12, 13, 15, 11, 14
 |  7, 17, 12,  4, 18,  1, 20,  2,  3,  5,  6, 19, 16,  8, 11, 15, 14, 13, 10
 |  8, 15, 16, 17, 20, 18, 19,  3,  1,  2,  4,  5,  6, 12, 13,  7, 11, 14,  9
 | 16, 19, 20, 14, 17, 15, 18,  5,  2,  1,  3,  7,  4, 13,  9,  6, 10,  8, 12
 | 13, 16,  9, 20, 15, 19, 14,  4,  5,  3,  1,  2, 17, 10,  8, 18,  6,  7, 11
 | 12, 20, 17, 18, 19, 14, 15,  6, 16,  4,  2,  3,  1, 11, 10,  8,  7,  9,  5
 | 19, 18, 15, 11, 16, 13, 12, 20,  6, 17,  7,  4,  2,  1,  3,  5,  9, 10,  8
 | 17, 10, 14, 19, 12, 11, 13, 18, 20,  6,  5, 16,  3,  2,  1,  9,  8,  4,  7
 | 11, 12, 10,  8, 14, 20, 17,  7, 13, 18, 19, 15,  9,  4,  2,  3,  1,  5,  6
 | 15,  9, 13, 10, 11,  8, 16, 19, 18, 14, 20,  1, 12,  3,  7,  2,  5,  6,  4
 | 20, 14, 19, 13,  9, 10, 11, 15, 17, 16,  8,  6,  5,  7,  4, 12,  2,  1,  3
 | 14, 11, 18, 15, 13, 12, 10, 17,  7, 20, 16,  9,  8,  5,  6,  4,  3,  2,  1
 | 18, 13, 11, 12, 10, 16,  9, 14, 15, 19, 17,  8,  7,  6,  5,  1,  4,  3,  2
 |];
venue = 
[| 2, 1, 2, 2, 2, 1, 2, 2, 1, 1, 1, 2, 1, 1, 1, 2, 1, 1, 1
 | 1, 2, 2, 1, 1, 2, 2, 1, 1, 2, 1, 1, 2, 2, 1, 2, 1, 2, 1
 | 2, 2, 1, 2, 2, 1, 1, 2, 2, 2, 1, 1, 1, 2, 1, 1, 1, 2, 1
 | 1, 1, 1, 2, 1, 1, 2, 2, 1, 2, 1, 2, 1, 2, 1, 1, 1, 2, 2
 | 2, 2, 1, 1, 2, 2, 1, 2, 1, 2, 2, 2, 1, 2, 2, 1, 2, 2, 2
 | 1, 1, 2, 2, 1, 2, 2, 1, 2, 1, 1, 2, 1, 2, 1, 2, 1, 1, 1
 | 2, 1, 1, 1, 2, 1, 1, 1, 2, 1, 1, 2, 1, 1, 1, 2, 1, 2, 1
 | 1, 2, 2, 2, 1, 2, 1, 1, 2, 2, 1, 2, 2, 1, 2, 1, 2, 1, 2
 | 1, 2, 1, 1, 1, 2, 1, 2, 1, 1, 2, 1, 1, 2, 1, 1, 2, 2, 2
 | 2, 1, 1, 1, 2, 1, 1, 1, 2, 1, 2, 1, 2, 1, 1, 1, 2, 2, 1
 | 1, 1, 1, 2, 1, 2, 1, 1, 2, 2, 2, 1, 2, 2, 2, 1, 1, 2, 2
 | 1, 1, 2, 2, 2, 1, 1, 1, 2, 1, 2, 2, 1, 2, 1, 2, 2, 1, 1
 | 2, 1, 1, 2, 1, 2, 2, 2, 1, 1, 2, 2, 2, 1, 2, 2, 2, 1, 1
 | 1, 1, 2, 1, 1, 1, 2, 1, 1, 1, 2, 1, 1, 2, 2, 2, 1, 1, 1
 | 1, 2, 1, 2, 1, 1, 1, 2, 2, 2, 1, 1, 2, 1, 2, 2, 1, 1, 2
 | 2, 2, 2, 1, 2, 1, 2, 2, 2, 1, 2, 2, 2, 1, 2, 2, 2, 1, 2
 | 2, 1, 2, 2, 2, 1, 1, 2, 1, 2, 1, 1, 2, 1, 2, 1, 1, 2, 1
 | 2, 2, 2, 1, 2, 2, 2, 1, 2, 2, 2, 1, 2, 2, 2, 1, 2, 2, 2
 | 2, 2, 1, 1, 2, 2, 2, 1, 1, 2, 1, 2, 1, 1, 2, 2, 2, 1, 2
 | 1, 2, 2, 1, 1, 2, 2, 2, 1, 1, 2, 1, 2, 1, 1, 1, 2, 1, 2
 |];
travel = 
[| 1, 1, 3, 1,  1,  5, 6,  1, 7, 0, 0,  4,  4, 0,  0,  1, 1, 0,  0,  0
 | 0, 2, 1, 1,  0,  5, 1,  6, 0, 8, 8,  0,  8, 1,  7,  5, 5, 3,  3,  0
 | 1, 3, 2, 4,  1,  5, 0,  7, 1, 3, 9,  0,  0, 6,  6,  0, 0, 3,  3,  0
 | 0, 0, 0, 5,  5,  0, 1,  7, 8, 9, 9, 10, 10, 8,  8,  0, 0, 9,  2,  7
 | 1, 1, 2, 0,  3,  1, 2,  6, 6, 4, 6,  5,  5, 6,  1,  5, 8, 1,  3,  8
 | 0, 0, 1, 5,  4,  2, 1,  3, 8, 8, 0,  8,  8, 6,  6,  5, 5, 0,  0,  0
 | 2, 2, 0, 0,  3,  3, 0,  0, 8, 8, 0,  4,  4, 0,  0,  3, 3, 5,  5,  0
 | 0, 2, 1, 9,  8,  9, 9,  0, 4, 3, 1,  8,  1, 9,  4,  4, 7, 7,  6,  6
 | 0, 8, 8, 0,  0,  8, 8,  7, 7, 0, 3,  3,  0, 1,  1,  0, 5, 1,  3,  1
 | 2, 2, 0, 0, 10, 10, 0,  0, 9, 9, 6,  6,  4, 4,  0,  0, 1, 3,  4,  0
 | 0, 0, 0, 3,  3,  4, 4,  0, 9, 1, 2,  8,  7, 9,  4,  2, 0, 3,  4,  1
 | 0, 0, 3, 9,  5,  3, 0,  0, 7, 7, 9,  1, 10, 2,  2,  6, 8, 6,  0,  0
 | 1, 1, 0, 5,  5,  1, 1,  9, 7, 0, 9,  1,  2, 8,  3,  2, 1, 6,  0,  0
 | 0, 0, 1, 1,  0,  0, 2,  2, 0, 0, 7,  7,  0, 7,  2,  2, 9, 0,  0,  0
 | 0, 5, 5, 4,  4,  0, 0,  3, 2, 6, 9,  0,  8, 8,  6,  8, 6, 0,  8,  8
 | 5, 1, 2, 6,  2,  2, 1, 10, 6, 3, 3,  4,  6, 7,  6,  1, 2, 5, 10, 10
 | 2, 2, 4, 3,  1,  6, 0,  2, 2, 3, 3,  0,  5, 5, 10, 10, 0, 9,  9,  0
 | 2, 6, 5, 1,  9,  1, 1,  7, 1, 1, 8, 10,  7, 2,  3,  6, 4, 1,  2,  5
 | 5, 3, 8, 0,  6,  1, 2,  9, 0, 1, 1, 10, 10, 0,  7,  2, 1, 4,  2,  2
 | 0, 7, 2, 9,  0,  4, 7,  5, 6, 0, 3,  3,  7, 7,  0,  0, 4, 4,  2,  2
 |];
objective = 1408;
% time elapsed: 235.51 s
----------
opponent = 
[|  2,  3,  4,  5,  6,  9,  7,  8, 10, 11, 12, 17, 13, 14, 15, 20, 16, 18, 19
 |  1,  4,  3,  6,  5,  7,  8,  9, 11, 10, 13, 12, 14, 15, 16, 17, 18, 19, 20
 |  4,  1,  2,  7,  8,  5,  6, 10,  9, 12, 11, 13, 15, 17, 14, 16, 19, 20, 18
 |  3,  2,  1,  9,  7,  6,  5, 12,  8, 13, 10, 14, 11, 16, 18, 19, 20, 15, 17
 |  6,  7,  8,  1,  2,  3,  4, 11, 12,  9, 15, 10, 18, 19, 20, 14, 17, 16, 13
 |  5,  8,  7,  2,  1,  4,  3, 13, 14, 15,  9, 18, 10, 20, 19, 11, 12, 17, 16
 |  9,  5,  6,  3,  4,  2,  1, 16, 19,  8, 14, 11, 20, 18, 17, 10, 13, 12, 15
 | 10,  6,  5, 16,  3, 17,  2,  1,  4,  7, 18, 20, 19,  9, 12, 13, 15, 11, 14
 |  7, 17, 12,  4, 18,  1, 20,  2,  3,  5,  6, 19, 16,  8, 11, 15, 14, 13, 10
 |  8, 15, 16, 17, 20, 18, 19,  3,  1,  2,  4,  5,  6, 12, 13,  7, 11, 14,  9
 | 16, 20, 17, 14, 15, 19, 18,  5,  2,  1,  3,  7,  4, 13,  9,  6, 10,  8, 12
 | 13, 16,  9, 20, 19, 15, 14,  4,  5,  3,  1,  2, 17, 10,  8, 18,  6,  7, 11
 | 12, 19, 20, 18, 17, 14, 15,  6, 16,  4,  2,  3,  1, 11, 10,  8,  7,  9,  5
 | 19, 18, 15, 11, 16, 13, 12, 20,  6, 17,  7,  4,  2,  1,  3,  5,  9, 10,  8
 | 17, 10, 14, 19, 11, 12, 13, 18, 20,  6,  5, 16,  3,  2,  1,  9,  8,  4,  7
 | 11, 12, 10,  8, 14, 20, 17,  7, 13, 18, 19, 15,  9,  4,  2,  3,  1,  5,  6
 | 15,  9, 11, 10, 13,  8, 16, 19, 18, 14, 20,  1, 12,  3,  7,  2,  5,  6,  4
 | 20, 14, 19, 13,  9, 10, 11, 15, 17, 16,  8,  6,  5,  7,  4, 12,  2,  1,  3
 | 14, 13, 18, 15, 12, 11, 10, 17,  7, 20, 16,  9,  8,  5,  6,  4,  3,  2,  1
 | 18, 11, 13, 12, 10, 16,  9, 14, 15, 19, 17,  8,  7,  6,  5,  1,  4,  3,  2
 |];
venue = 
[| 2, 1, 2, 2, 2, 1, 2, 2, 1, 1, 1, 2, 1, 1, 1, 2, 1, 1, 1
 | 1, 2, 2, 1, 1, 2, 2, 1, 1, 2, 1, 1, 2, 2, 1, 2, 1, 2, 1
 | 2, 2, 1, 2, 2, 1, 1, 2, 2, 2, 1, 1, 1, 2, 1, 1, 1, 2, 1
 | 1, 1, 1, 2, 1, 1, 2, 2, 1, 2, 1, 2, 1, 2, 1, 1, 1, 2, 2
 | 2, 2, 1, 1, 2, 2, 1, 2, 1, 2, 2, 2, 1, 2, 2, 1, 2, 2, 2
 | 1, 1, 2, 2, 1, 2, 2, 1, 2, 1, 1, 2, 1, 2, 1, 2, 1, 1, 1
 | 2, 1, 1, 1, 2, 1, 1, 1, 2, 1, 1, 2, 1, 1, 1, 2, 1, 2, 1
 | 1, 2, 2, 2, 1, 2, 1, 1, 2, 2, 1, 2, 2, 1, 2, 1, 2, 1, 2
 | 1, 2, 1, 1, 1, 2, 1, 2, 1, 1, 2, 1, 1, 2, 1, 1, 2, 2, 2
 | 2, 1, 1, 1, 2, 1, 1, 1, 2, 1, 2, 1, 2, 1, 1, 1, 2, 2, 1
 | 1, 1, 1, 2, 2, 1, 1, 1, 2, 2, 2, 1, 2, 2, 2, 1, 1, 2, 2
 | 1, 1, 2, 2, 1, 2, 1, 1, 2, 1, 2, 2, 1, 2, 1, 2, 2, 1, 1
 | 2, 1, 1, 2, 1, 2, 2, 2, 1, 1, 2, 2, 2, 1, 2, 2, 2, 1, 1
 | 1, 1, 2, 1, 1, 1, 2, 1, 1, 1, 2, 1, 1, 2, 2, 2, 1, 1, 1
 | 1, 2, 1, 2, 1, 1, 1, 2, 2, 2, 1, 1, 2, 1, 2, 2, 1, 1, 2
 | 2, 2, 2, 1, 2, 1, 2, 2, 2, 1, 2, 2, 2, 1, 2, 2, 2, 1, 2
 | 2, 1, 2, 2, 2, 1, 1, 2, 1, 2, 1, 1, 2, 1, 2, 1, 1, 2, 1
 | 2, 2, 2, 1, 2, 2, 2, 1, 2, 2, 2, 1, 2, 2, 2, 1, 2, 2, 2
 | 2, 2, 1, 1, 2, 2, 2, 1, 1, 2, 1, 2, 1, 1, 2, 2, 2, 1, 2
 | 1, 2, 2, 1, 1, 2, 2, 2, 1, 1, 2, 1, 2, 1, 1, 1, 2, 1, 2
 |];
travel = 
[| 1, 1, 3, 1,  1,  5, 6,  1, 7, 0, 0,  4,  4, 0,  0,  1, 1, 0,  0,  0
 | 0, 2, 1, 1,  0,  5, 1,  6, 0, 8, 8,  0,  8, 1,  7,  5, 5, 3,  3,  0
 | 1, 3, 2, 4,  1,  5, 0,  7, 1, 3, 9,  0,  0, 6,  6,  0, 0, 3,  3,  0
 | 0, 0, 0, 5,  5,  0, 1,  7, 8, 9, 9, 10, 10, 8,  8,  0, 0, 9,  2,  7
 | 1, 1, 2, 0,  3,  1, 2,  6, 6, 4, 6,  5,  5, 6,  1,  5, 8, 1,  3,  8
 | 0, 0, 1, 5,  4,  2, 1,  3, 8, 8, 0,  8,  8, 6,  6,  5, 5, 0,  0,  0
 | 2, 2, 0, 0,  3,  3, 0,  0, 8, 8, 0,  4,  4, 0,  0,  3, 3, 5,  5,  0
 | 0, 2, 1, 9,  8,  9, 9,  0, 4, 3, 1,  8,  1, 9,  4,  4, 7, 7,  6,  6
 | 0, 8, 8, 0,  0,  8, 8,  7, 7, 0, 3,  3,  0, 1,  1,  0, 5, 1,  3,  1
 | 2, 2, 0, 0, 10, 10, 0,  0, 9, 9, 6,  6,  4, 4,  0,  0, 1, 3,  4,  0
 | 0, 0, 0, 3,  1,  4, 0,  0, 9, 1, 2,  8,  7, 9,  4,  2, 0, 3,  4,  1
 | 0, 0, 3, 9,  8,  3, 3,  0, 7, 7, 9,  1, 10, 2,  2,  6, 8, 6,  0,  0
 | 1, 1, 0, 5,  5,  1, 1,  9, 7, 0, 9,  1,  2, 8,  3,  2, 1, 6,  0,  0
 | 0, 0, 1, 1,  0,  0, 2,  2, 0, 0, 7,  7,  0, 7,  2,  2, 9, 0,  0,  0
 | 0, 5, 5, 4,  4,  0, 0,  3, 2, 6, 9,  0,  8, 8,  6,  8, 6, 0,  8,  8
 | 5, 1, 2, 6,  2,  2, 1, 10, 6, 3, 3,  4,  6, 7,  6,  1, 2, 5, 10, 10
 | 2, 2, 6, 1,  3,  4, 0,  2, 2, 3, 3,  0,  5, 5, 10, 10, 0, 9,  9,  0
 | 2, 6, 5, 1,  9,  1, 1,  7, 1, 1, 8, 10,  7, 2,  3,  6, 4, 1,  2,  5
 | 5, 1, 6, 0,  7,  1, 1,  9, 0, 1, 1, 10, 10, 0,  7,  2, 1, 4,  2,  2
 | 0, 9, 2, 7,  0,  4, 7,  5, 6, 0, 3,  3,  7, 7,  0,  0, 4, 4,  2,  2
 |];
objective = 1404;
% time elapsed: 236.30 s
----------
opponent = 
[|  2,  3,  4,  5,  6,  9,  7,  8, 10, 11, 12, 17, 13, 14, 15, 20, 16, 18, 19
 |  1,  4,  3,  6,  5,  7,  8,  9, 11, 10, 13, 12, 14, 15, 16, 17, 18, 19, 20
 |  4,  1,  2,  7,  8,  5,  6, 10,  9, 12, 11, 13, 15, 17, 14, 16, 19, 20, 18
 |  3,  2,  1,  9,  7,  6,  5, 12,  8, 13, 10, 14, 11, 16, 18, 19, 20, 15, 17
 |  6,  7,  8,  1,  2,  3,  4, 11, 12,  9, 15, 10, 18, 19, 20, 14, 17, 16, 13
 |  5,  8,  7,  2,  1,  4,  3, 13, 14, 15,  9, 18, 10, 20, 19, 11, 12, 17, 16
 |  9,  5,  6,  3,  4,  2,  1, 16, 19,  8, 14, 11, 20, 18, 17, 10, 13, 12, 15
 | 10,  6,  5, 16,  3, 17,  2,  1,  4,  7, 18, 20, 19,  9, 12, 13, 15, 11, 14
 |  7, 17, 12,  4, 18,  1, 20,  2,  3,  5,  6, 19, 16,  8, 11, 15, 14, 13, 10
 |  8, 15, 19, 17, 20, 18, 16,  3,  1,  2,  4,  5,  6, 12, 13,  7, 11, 14,  9
 | 20, 16, 15, 19, 17, 14, 18,  5,  2,  1,  3,  7,  4, 13,  9,  6, 10,  8, 12
 | 16, 19,  9, 20, 15, 13, 14,  4,  5,  3,  1,  2, 17, 10,  8, 18,  6,  7, 11
 | 15, 20, 17, 18, 14, 12, 19,  6, 16,  4,  2,  3,  1, 11, 10,  8,  7,  9,  5
 | 17, 18, 16, 15, 13, 11, 12, 19,  6, 20,  7,  4,  2,  1,  3,  5,  9, 10,  8
 | 13, 10, 11, 14, 12, 19, 17, 18, 20,  6,  5, 16,  3,  2,  1,  9,  8,  4,  7
 | 12, 11, 14,  8, 19, 20, 10,  7, 13, 18, 17, 15,  9,  4,  2,  3,  1,  5,  6
 | 14,  9, 13, 10, 11,  8, 15, 20, 18, 19, 16,  1, 12,  3,  7,  2,  5,  6,  4
 | 19, 14, 20, 13,  9, 10, 11, 15, 17, 16,  8,  6,  5,  7,  4, 12,  2,  1,  3
 | 18, 12, 10, 11, 16, 15, 13, 14,  7, 17, 20,  9,  8,  5,  6,  4,  3,  2,  1
 | 11, 13, 18, 12, 10, 16,  9, 17, 15, 14, 19,  8,  7,  6,  5,  1,  4,  3,  2
 |];
venue = 
[| 2, 1, 2, 2, 2, 1, 2, 2, 1, 1, 1, 2, 1, 1, 1, 2, 1, 1, 1
 | 1, 2, 2, 1, 1, 2, 2, 1, 1, 2, 1, 1, 2, 2, 1, 2, 1, 2, 1
 | 2, 2, 1, 2, 2, 1, 1, 2, 2, 2, 1, 1, 1, 2, 1, 1, 1, 2, 1
 | 1, 1, 1, 2, 1, 1, 2, 2, 1, 2, 1, 2, 1, 2, 1, 1, 1, 2, 2
 | 2, 2, 1, 1, 2, 2, 1, 2, 1, 2, 2, 2, 1, 2, 2, 1, 2, 2, 2
 | 1, 1, 2, 2, 1, 2, 2, 1, 2, 1, 1, 2, 1, 2, 1, 2, 1, 1, 1
 | 2, 1, 1, 1, 2, 1, 1, 1, 2, 1, 1, 2, 1, 1, 1, 2, 1, 2, 1
 | 1, 2, 2, 2, 1, 2, 1, 1, 2, 2, 1, 2, 2, 1, 2, 1, 2, 1, 2
 | 1, 2, 1, 1, 1, 2, 1, 2, 1, 1, 2, 1, 1, 2, 1, 1, 2, 2, 2
 | 2, 1, 1, 1, 2, 1, 1, 1, 2, 1, 2, 1, 2, 1, 1, 1, 2, 2, 1
 | 1, 1, 2, 1, 1, 2, 1, 1, 2, 2, 2, 1, 2, 2, 2, 1, 1, 2, 2
 | 1, 1, 2, 2, 2, 1, 1, 1, 2, 1, 2, 2, 1, 2, 1, 2, 2, 1, 1
 | 2, 1, 1, 2, 2, 2, 1, 2, 1, 1, 2, 2, 2, 1, 2, 2, 2, 1, 1
 | 1, 1, 1, 2, 1, 1, 2, 1, 1, 1, 2, 1, 1, 2, 2, 2, 1, 1, 1
 | 1, 2, 1, 1, 1, 2, 1, 2, 2, 2, 1, 1, 2, 1, 2, 2, 1, 1, 2
 | 2, 2, 2, 1, 2, 1, 2, 2, 2, 1, 2, 2, 2, 1, 2, 2, 2, 1, 2
 | 2, 1, 2, 2, 2, 1, 2, 1, 1, 2, 1, 1, 2, 1, 2, 1, 1, 2, 1
 | 2, 2, 2, 1, 2, 2, 2, 1, 2, 2, 2, 1, 2, 2, 2, 1, 2, 2, 2
 | 1, 2, 2, 2, 1, 1, 2, 2, 1, 1, 2, 2, 1, 1, 2, 2, 2, 1, 2
 | 2, 2, 1, 1, 1, 2, 2, 2, 1, 2, 1, 1, 2, 1, 1, 1, 2, 1, 2
 |];
travel = 
[| 1, 1, 3, 1,  1,  5, 6, 1, 7, 0, 0,  4,  4, 0,  0,  1, 1, 0,  0,  0
 | 0, 2, 1, 1,  0,  5, 1, 6, 0, 8, 8,  0,  8, 1,  7,  5, 5, 3,  3,  0
 | 1, 3, 2, 4,  1,  5, 0, 7, 1, 3, 9,  0,  0, 6,  6,  0, 0, 3,  3,  0
 | 0, 0, 0, 5,  5,  0, 1, 7, 8, 9, 9, 10, 10, 8,  8,  0, 0, 9,  2,  7
 | 1, 1, 2, 0,  3,  1, 2, 6, 6, 4, 6,  5,  5, 6,  1,  5, 8, 1,  3,  8
 | 0, 0, 1, 5,  4,  2, 1, 3, 8, 8, 0,  8,  8, 6,  6,  5, 5, 0,  0,  0
 | 2, 2, 0, 0,  3,  3, 0, 0, 8, 8, 0,  4,  4, 0,  0,  3, 3, 5,  5,  0
 | 0, 2, 1, 9,  8,  9, 9, 0, 4, 3, 1,  8,  1, 9,  4,  4, 7, 7,  6,  6
 | 0, 8, 8, 0,  0,  8, 8, 7, 7, 0, 3,  3,  0, 1,  1,  0, 5, 1,  3,  1
 | 2, 2, 0, 0, 10, 10, 0, 0, 9, 9, 6,  6,  4, 4,  0,  0, 1, 3,  4,  0
 | 0, 0, 4, 4,  0,  3, 3, 0, 9, 1, 2,  8,  7, 9,  4,  2, 0, 3,  4,  1
 | 0, 0, 3, 9,  5,  3, 0, 0, 7, 7, 9,  1, 10, 2,  2,  6, 8, 6,  0,  0
 | 2, 2, 0, 5,  4,  2, 1, 7, 7, 0, 9,  1,  2, 8,  3,  2, 1, 6,  0,  0
 | 0, 0, 0, 1,  1,  0, 2, 2, 0, 0, 7,  7,  0, 7,  2,  2, 9, 0,  0,  0
 | 0, 5, 5, 0,  0,  4, 4, 3, 2, 6, 9,  0,  8, 8,  6,  8, 6, 0,  8,  8
 | 4, 1, 3, 2,  3,  3, 6, 3, 6, 3, 1,  2,  6, 7,  6,  1, 2, 5, 10, 10
 | 3, 3, 4, 3,  1,  6, 2, 2, 0, 2, 2,  0,  5, 5, 10, 10, 0, 9,  9,  0
 | 1, 5, 6, 2,  9,  1, 1, 7, 1, 1, 8, 10,  7, 2,  3,  6, 4, 1,  2,  5
 | 0, 7, 2, 1,  8,  0, 6, 1, 5, 0, 1,  9, 10, 0,  7,  2, 1, 4,  2,  2
 | 9, 2, 7, 0,  0,  4, 7, 8, 3, 6, 6,  0,  7, 7,  0,  0, 4, 4,  2,  2
 |];
objective = 1400;
% time elapsed: 259.05 s
----------
% Pruned 34197 learnt clauses
% Pruned 34569 learnt clauses
% Pruned 33369 learnt clauses
opponent = 
[|  2,  3,  4,  5,  6,  9,  7,  8, 10, 11, 12, 17, 13, 14, 15, 20, 16, 18, 19
 |  1,  4,  3,  6,  5,  7,  8,  9, 11, 10, 13, 12, 14, 15, 16, 17, 18, 19, 20
 |  4,  1,  2,  7,  8,  5,  6, 10,  9, 12, 11, 13, 15, 17, 14, 16, 19, 20, 18
 |  3,  2,  1,  9,  7,  6,  5, 12,  8, 13, 10, 14, 11, 16, 18, 19, 20, 15, 17
 |  6,  7,  8,  1,  2,  3,  4, 11, 12,  9, 15, 10, 18, 19, 20, 14, 17, 16, 13
 |  5,  8,  7,  2,  1,  4,  3, 13, 14, 15,  9, 18, 10, 20, 19, 11, 12, 17, 16
 |  9,  5,  6,  3,  4,  2,  1, 16, 19,  8, 14, 11, 20, 18, 17, 10, 13, 12, 15
 | 10,  6,  5, 16,  3, 17,  2,  1,  4,  7, 18, 20, 19,  9, 12, 13, 15, 11, 14
 |  7, 17, 18,  4, 12,  1, 20,  2,  3,  5,  6, 19, 16,  8, 11, 15, 14, 13, 10
 |  8, 18, 16, 17, 20, 15, 19,  3,  1,  2,  4,  5,  6, 12, 13,  7, 11, 14,  9
 | 18, 14, 17, 19, 15, 20, 16,  5,  2,  1,  3,  7,  4, 13,  9,  6, 10,  8, 12
 | 13, 16, 15, 20,  9, 19, 14,  4,  5,  3,  1,  2, 17, 10,  8, 18,  6,  7, 11
 | 12, 20, 19, 18, 17, 14, 15,  6, 16,  4,  2,  3,  1, 11, 10,  8,  7,  9,  5
 | 16, 11, 20, 15, 18, 13, 12, 19,  6, 17,  7,  4,  2,  1,  3,  5,  9, 10,  8
 | 20, 19, 12, 14, 11, 10, 13, 18, 17,  6,  5, 16,  3,  2,  1,  9,  8,  4,  7
 | 14, 12, 10,  8, 19, 18, 11,  7, 13, 20, 17, 15,  9,  4,  2,  3,  1,  5,  6
 | 19,  9, 11, 10, 13,  8, 18, 20, 15, 14, 16,  1, 12,  3,  7,  2,  5,  6,  4
 | 11, 10,  9, 13, 14, 16, 17, 15, 20, 19,  8,  6,  5,  7,  4, 12,  2,  1,  3
 | 17, 15, 13, 11, 16, 12, 10, 14,  7, 18, 20,  9,  8,  5,  6,  4,  3,  2,  1
 | 15, 13, 14, 12, 10, 11,  9, 17, 18, 16, 19,  8,  7,  6,  5,  1,  4,  3,  2
 |];
venue = 
[| 2, 1, 2, 2, 2, 1, 2, 2, 1, 1, 1, 2, 1, 1, 1, 2, 1, 1, 1
 | 1, 2, 2, 1, 1, 2, 2, 1, 1, 2, 1, 1, 2, 2, 1, 2, 1, 2, 1
 | 2, 2, 1, 2, 2, 1, 1, 2, 2, 2, 1, 1, 1, 2, 1, 1, 1, 2, 1
 | 1, 1, 1, 2, 1, 1, 2, 2, 1, 2, 1, 2, 1, 2, 1, 1, 1, 2, 2
 | 2, 2, 1, 1, 2, 2, 1, 2, 1, 2, 2, 2, 1, 2, 2, 1, 2, 2, 2
 | 1, 1, 2, 2, 1, 2, 2, 1, 2, 1, 1, 2, 1, 2, 1, 2, 1, 1, 1
 | 2, 1, 1, 1, 2, 1, 1, 1, 2, 1, 1, 2, 1, 1, 1, 2, 1, 2, 1
 | 1, 2, 2, 2, 1, 2, 1, 1, 2, 2, 1, 2, 2, 1, 2, 1, 2, 1, 2
 | 1, 2, 1, 1, 1, 2, 1, 2, 1, 1, 2, 1, 1, 2, 1, 1, 2, 2, 2
 | 2, 1, 1, 1, 2, 1, 1, 1, 2, 1, 2, 1, 2, 1, 1, 1, 2, 2, 1
 | 1, 2, 1, 1, 2, 1, 1, 1, 2, 2, 2, 1, 2, 2, 2, 1, 1, 2, 2
 | 1, 1, 2, 2, 2, 1, 1, 1, 2, 1, 2, 2, 1, 2, 1, 2, 2, 1, 1
 | 2, 1, 1, 2, 1, 2, 2, 2, 1, 1, 2, 2, 2, 1, 2, 2, 2, 1, 1
 | 1, 1, 1, 2, 1, 1, 2, 1, 1, 1, 2, 1, 1, 2, 2, 2, 1, 1, 1
 | 2, 2, 1, 1, 1, 2, 1, 2, 1, 2, 1, 1, 2, 1, 2, 2, 1, 1, 2
 | 2, 2, 2, 1, 2, 1, 2, 2, 2, 1, 2, 2, 2, 1, 2, 2, 2, 1, 2
 | 2, 1, 2, 2, 2, 1, 1, 1, 2, 2, 1, 1, 2, 1, 2, 1, 1, 2, 1
 | 2, 2, 2, 1, 2, 2, 2, 1, 2, 2, 2, 1, 2, 2, 2, 1, 2, 2, 2
 | 1, 1, 2, 2, 1, 2, 2, 2, 1, 1, 2, 2, 1, 1, 2, 2, 2, 1, 2
 | 1, 2, 2, 1, 1, 2, 2, 2, 1, 2, 1, 1, 2, 1, 1, 1, 2, 1, 2
 |];
travel = 
[| 1, 1, 3, 1,  1,  5, 6, 1, 7, 0, 0,  4,  4, 0,  0,  1, 1, 0,  0,  0
 | 0, 2, 1, 1,  0,  5, 1, 6, 0, 8, 8,  0,  8, 1,  7,  5, 5, 3,  3,  0
 | 1, 3, 2, 4,  1,  5, 0, 7, 1, 3, 9,  0,  0, 6,  6,  0, 0, 3,  3,  0
 | 0, 0, 0, 5,  5,  0, 1, 7, 8, 9, 9, 10, 10, 8,  8,  0, 0, 9,  2,  7
 | 1, 1, 2, 0,  3,  1, 2, 6, 6, 4, 6,  5,  5, 6,  1,  5, 8, 1,  3,  8
 | 0, 0, 1, 5,  4,  2, 1, 3, 8, 8, 0,  8,  8, 6,  6,  5, 5, 0,  0,  0
 | 2, 2, 0, 0,  3,  3, 0, 0, 8, 8, 0,  4,  4, 0,  0,  3, 3, 5,  5,  0
 | 0, 2, 1, 9,  8,  9, 9, 0, 4, 3, 1,  8,  1, 9,  4,  4, 7, 7,  6,  6
 | 0, 8, 8, 0,  0,  8, 8, 7, 7, 0, 3,  3,  0, 1,  1,  0, 5, 1,  3,  1
 | 2, 2, 0, 0, 10, 10, 0, 0, 9, 9, 6,  6,  4, 4,  0,  0, 1, 3,  4,  0
 | 0, 3, 3, 0,  4,  4, 0, 0, 9, 1, 2,  8,  7, 9,  4,  2, 0, 3,  4,  1
 | 0, 0, 3, 5,  9,  3, 0, 0, 7, 7, 9,  1, 10, 2,  2,  6, 8, 6,  0,  0
 | 1, 1, 0, 5,  5,  1, 1, 9, 7, 0, 9,  1,  2, 8,  3,  2, 1, 6,  0,  0
 | 0, 0, 0, 1,  1,  0, 2, 2, 0, 0, 7,  7,  0, 7,  2,  2, 9, 0,  0,  0
 | 5, 1, 4, 0,  0,  5, 5, 3, 3, 9, 9,  0,  8, 8,  6,  8, 6, 0,  8,  8
 | 2, 2, 2, 6,  3,  3, 5, 4, 6, 3, 1,  2,  6, 7,  6,  1, 2, 5, 10, 10
 | 2, 2, 6, 1,  3,  4, 0, 0, 2, 1, 3,  0,  5, 5, 10, 10, 0, 9,  9,  0
 | 7, 1, 1, 9,  4,  2, 1, 1, 2, 1, 9, 10,  7, 2,  3,  6, 4, 1,  2,  5
 | 0, 0, 6, 2,  8,  7, 2, 4, 5, 0, 1,  9, 10, 0,  7,  2, 1, 4,  2,  2
 | 0, 7, 1, 6,  0,  9, 2, 8, 3, 4, 4,  0,  7, 7,  0,  0, 4, 4,  2,  2
 |];
objective = 1396;
% time elapsed: 517.12 s
----------
opponent = 
[|  2,  3,  4,  5,  6,  9,  7,  8, 10, 11, 12, 17, 13, 14, 15, 20, 16, 18, 19
 |  1,  4,  3,  6,  5,  7,  8,  9, 11, 10, 13, 12, 14, 15, 16, 17, 18, 19, 20
 |  4,  1,  2,  7,  8,  5,  6, 10,  9, 12, 11, 13, 15, 17, 14, 16, 19, 20, 18
 |  3,  2,  1,  9,  7,  6,  5, 12,  8, 13, 10, 14, 11, 16, 18, 19, 20, 15, 17
 |  6,  7,  8,  1,  2,  3,  4, 11, 12,  9, 15, 10, 18, 19, 20, 14, 17, 16, 13
 |  5,  8,  7,  2,  1,  4,  3, 13, 14, 15,  9, 18, 10, 20, 19, 11, 12, 17, 16
 |  9,  5,  6,  3,  4,  2,  1, 16, 19,  8, 14, 11, 20, 18, 17, 10, 13, 12, 15
 | 10,  6,  5, 16,  3, 17,  2,  1,  4,  7, 18, 20, 19,  9, 12, 13, 15, 11, 14
 |  7, 17, 18,  4, 12,  1, 20,  2,  3,  5,  6, 19, 16,  8, 11, 15, 14, 13, 10
 |  8, 18, 17, 19, 20, 15, 16,  3,  1,  2,  4,  5,  6, 12, 13,  7, 11, 14,  9
 | 18, 14, 16, 17, 15, 20, 19,  5,  2,  1,  3,  7,  4, 13,  9,  6, 10,  8, 12
 | 13, 16, 15, 20,  9, 19, 14,  4,  5,  3,  1,  2, 17, 10,  8, 18,  6,  7, 11
 | 12, 20, 19, 18, 17, 14, 15,  6, 16,  4,  2,  3,  1, 11, 10,  8,  7,  9,  5
 | 16, 11, 20, 15, 18, 13, 12, 19,  6, 17,  7,  4,  2,  1,  3,  5,  9, 10,  8
 | 20, 19, 12, 14, 11, 10, 13, 18, 17,  6,  5, 16,  3,  2,  1,  9,  8,  4,  7
 | 14, 12, 11,  8, 19, 18, 10,  7, 13, 20, 17, 15,  9,  4,  2,  3,  1,  5,  6
 | 19,  9, 10, 11, 13,  8, 18, 20, 15, 14, 16,  1, 12,  3,  7,  2,  5,  6,  4
 | 11, 10,  9, 13, 14, 16, 17, 15, 20, 19,  8,  6,  5,  7,  4, 12,  2,  1,  3
 | 17, 15, 13, 10, 16, 12, 11, 14,  7, 18, 20,  9,  8,  5,  6,  4,  3,  2,  1
 | 15, 13, 14, 12, 10, 11,  9, 17, 18, 16, 19,  8,  7,  6,  5,  1,  4,  3,  2
 |];
venue = 
[| 2, 1, 2, 2, 2, 1, 2, 2, 1, 1, 1, 2, 1, 1, 1, 2, 1, 1, 1
 | 1, 2, 2, 1, 1, 2, 2, 1, 1, 2, 1, 1, 2, 2, 1, 2, 1, 2, 1
 | 2, 2, 1, 2, 2, 1, 1, 2, 2, 2, 1, 1, 1, 2, 1, 1, 1, 2, 1
 | 1, 1, 1, 2, 1, 1, 2, 2, 1, 2, 1, 2, 1, 2, 1, 1, 1, 2, 2
 | 2, 2, 1, 1, 2, 2, 1, 2, 1, 2, 2, 2, 1, 2, 2, 1, 2, 2, 2
 | 1, 1, 2, 2, 1, 2, 2, 1, 2, 1, 1, 2, 1, 2, 1, 2, 1, 1, 1
 | 2, 1, 1, 1, 2, 1, 1, 1, 2, 1, 1, 2, 1, 1, 1, 2, 1, 2, 1
 | 1, 2, 2, 2, 1, 2, 1, 1, 2, 2, 1, 2, 2, 1, 2, 1, 2, 1, 2
 | 1, 2, 1, 1, 1, 2, 1, 2, 1, 1, 2, 1, 1, 2, 1, 1, 2, 2, 2
 | 2, 1, 1, 1, 2, 1, 1, 1, 2, 1, 2, 1, 2, 1, 1, 1, 2, 2, 1
 | 1, 2, 1, 1, 2, 1, 1, 1, 2, 2, 2, 1, 2, 2, 2, 1, 1, 2, 2
 | 1, 1, 2, 2, 2, 1, 1, 1, 2, 1, 2, 2, 1, 2, 1, 2, 2, 1, 1
 | 2, 1, 1, 2, 1, 2, 2, 2, 1, 1, 2, 2, 2, 1, 2, 2, 2, 1, 1
 | 1, 1, 1, 2, 1, 1, 2, 1, 1, 1, 2, 1, 1, 2, 2, 2, 1, 1, 1
 | 2, 2, 1, 1, 1, 2, 1, 2, 1, 2, 1, 1, 2, 1, 2, 2, 1, 1, 2
 | 2, 2, 2, 1, 2, 1, 2, 2, 2, 1, 2, 2, 2, 1, 2, 2, 2, 1, 2
 | 2, 1, 2, 2, 2, 1, 1, 1, 2, 2, 1, 1, 2, 1, 2, 1, 1, 2, 1
 | 2, 2, 2, 1, 2, 2, 2, 1, 2, 2, 2, 1, 2, 2, 2, 1, 2, 2, 2
 | 1, 1, 2, 2, 1, 2, 2, 2, 1, 1, 2, 2, 1, 1, 2, 2, 2, 1, 2
 | 1, 2, 2, 1, 1, 2, 2, 2, 1, 2, 1, 1, 2, 1, 1, 1, 2, 1, 2
 |];
travel = 
[| 1, 1, 3, 1,  1,  5, 6, 1, 7, 0, 0,  4,  4, 0,  0,  1, 1, 0,  0,  0
 | 0, 2, 1, 1,  0,  5, 1, 6, 0, 8, 8,  0,  8, 1,  7,  5, 5, 3,  3,  0
 | 1, 3, 2, 4,  1,  5, 0, 7, 1, 3, 9,  0,  0, 6,  6,  0, 0, 3,  3,  0
 | 0, 0, 0, 5,  5,  0, 1, 7, 8, 9, 9, 10, 10, 8,  8,  0, 0, 9,  2,  7
 | 1, 1, 2, 0,  3,  1, 2, 6, 6, 4, 6,  5,  5, 6,  1,  5, 8, 1,  3,  8
 | 0, 0, 1, 5,  4,  2, 1, 3, 8, 8, 0,  8,  8, 6,  6,  5, 5, 0,  0,  0
 | 2, 2, 0, 0,  3,  3, 0, 0, 8, 8, 0,  4,  4, 0,  0,  3, 3, 5,  5,  0
 | 0, 2, 1, 9,  8,  9, 9, 0, 4, 3, 1,  8,  1, 9,  4,  4, 7, 7,  6,  6
 | 0, 8, 8, 0,  0,  8, 8, 7, 7, 0, 3,  3,  0, 1,  1,  0, 5, 1,  3,  1
 | 2, 2, 0, 0, 10, 10, 0, 0, 9, 9, 6,  6,  4, 4,  0,  0, 1, 3,  4,  0
 | 0, 3, 3, 0,  4,  4, 0, 0, 9, 1, 2,  8,  7, 9,  4,  2, 0, 3,  4,  1
 | 0, 0, 3, 5,  9,  3, 0, 0, 7, 7, 9,  1, 10, 2,  2,  6, 8, 6,  0,  0
 | 1, 1, 0, 5,  5,  1, 1, 9, 7, 0, 9,  1,  2, 8,  3,  2, 1, 6,  0,  0
 | 0, 0, 0, 1,  1,  0, 2, 2, 0, 0, 7,  7,  0, 7,  2,  2, 9, 0,  0,  0
 | 5, 1, 4, 0,  0,  5, 5, 3, 3, 9, 9,  0,  8, 8,  6,  8, 6, 0,  8,  8
 | 2, 2, 1, 5,  3,  3, 6, 3, 6, 3, 1,  2,  6, 7,  6,  1, 2, 5, 10, 10
 | 2, 2, 7, 1,  2,  4, 0, 0, 2, 1, 3,  0,  5, 5, 10, 10, 0, 9,  9,  0
 | 7, 1, 1, 9,  4,  2, 1, 1, 2, 1, 9, 10,  7, 2,  3,  6, 4, 1,  2,  5
 | 0, 0, 6, 3,  9,  7, 1, 3, 5, 0, 1,  9, 10, 0,  7,  2, 1, 4,  2,  2
 | 0, 7, 1, 6,  0,  9, 2, 8, 3, 4, 4,  0,  7, 7,  0,  0, 4, 4,  2,  2
 |];
objective = 1394;
% time elapsed: 544.22 s
----------
% Pruned 34559 learnt clauses
% Pruned 32272 learnt clauses
% Pruned 33915 learnt clauses
% Pruned 31272 learnt clauses
% Pruned 35542 learnt clauses
% Pruned 32929 learnt clauses
% Pruned 36961 learnt clauses
% Pruned 34100 learnt clauses
% Pruned 33517 learnt clauses
% Pruned 32273 learnt clauses
% Pruned 34106 learnt clauses
% Pruned 33583 learnt clauses
% Pruned 36932 learnt clauses
% Pruned 38103 learnt clauses
opponent = 
[|  2,  3,  4,  5,  6,  9,  7,  8, 10, 11, 12, 17, 13, 14, 15, 20, 16, 18, 19
 |  1,  4,  3,  6,  5,  7,  8,  9, 11, 10, 13, 12, 14, 15, 16, 17, 18, 19, 20
 |  4,  1,  2,  7,  8,  5,  6, 10,  9, 12, 11, 13, 15, 17, 14, 16, 19, 20, 18
 |  3,  2,  1,  9,  7,  6,  5, 12,  8, 13, 10, 14, 11, 16, 18, 19, 20, 15, 17
 |  6,  7,  8,  1,  2,  3,  4, 11, 12,  9, 15, 10, 18, 19, 20, 14, 17, 16, 13
 |  5,  8,  7,  2,  1,  4,  3, 13, 14, 15,  9, 18, 10, 20, 19, 11, 12, 17, 16
 |  9,  5,  6,  3,  4,  2,  1, 16, 19,  8, 14, 11, 20, 18, 17, 10, 13, 12, 15
 | 10,  6,  5, 16,  3, 17,  2,  1,  4,  7, 18, 20, 19,  9, 12, 13, 15, 14, 11
 |  7, 14, 18,  4, 17,  1, 20,  2,  3,  5,  6, 19, 16,  8, 13, 15, 10, 11, 12
 |  8, 18, 16, 17, 20, 15, 19,  3,  1,  2,  4,  5,  6, 12, 11,  7,  9, 13, 14
 | 18, 20, 17, 12, 16, 19, 15,  5,  2,  1,  3,  7,  4, 13, 10,  6, 14,  9,  8
 | 20, 16, 19, 11, 15, 13, 14,  4,  5,  3,  1,  2, 17, 10,  8, 18,  6,  7,  9
 | 15, 19, 20, 18, 14, 12, 17,  6, 16,  4,  2,  3,  1, 11,  9,  8,  7, 10,  5
 | 19,  9, 15, 20, 13, 16, 12, 17,  6, 18,  7,  4,  2,  1,  3,  5, 11,  8, 10
 | 13, 17, 14, 19, 12, 10, 11, 18, 20,  6,  5, 16,  3,  2,  1,  9,  8,  4,  7
 | 17, 12, 10,  8, 11, 14, 18,  7, 13, 19, 20, 15,  9,  4,  2,  3,  1,  5,  6
 | 16, 15, 11, 10,  9,  8, 13, 14, 18, 20, 19,  1, 12,  3,  7,  2,  5,  6,  4
 | 11, 10,  9, 13, 19, 20, 16, 15, 17, 14,  8,  6,  5,  7,  4, 12,  2,  1,  3
 | 14, 13, 12, 15, 18, 11, 10, 20,  7, 16, 17,  9,  8,  5,  6,  4,  3,  2,  1
 | 12, 11, 13, 14, 10, 18,  9, 19, 15, 17, 16,  8,  7,  6,  5,  1,  4,  3,  2
 |];
venue = 
[| 2, 1, 2, 2, 2, 1, 2, 2, 1, 1, 1, 2, 1, 1, 1, 2, 1, 1, 1
 | 1, 2, 2, 1, 1, 2, 2, 1, 1, 2, 1, 1, 2, 2, 1, 2, 1, 2, 1
 | 2, 2, 1, 2, 2, 1, 1, 2, 2, 2, 1, 1, 1, 2, 1, 1, 1, 2, 1
 | 1, 1, 1, 2, 1, 1, 2, 2, 1, 2, 1, 2, 1, 2, 1, 1, 1, 2, 2
 | 2, 2, 1, 1, 2, 2, 1, 2, 1, 2, 2, 2, 1, 2, 2, 1, 2, 2, 2
 | 1, 1, 2, 2, 1, 2, 2, 1, 2, 1, 1, 2, 1, 2, 1, 2, 1, 1, 1
 | 2, 1, 1, 1, 2, 1, 1, 1, 2, 1, 1, 2, 1, 1, 1, 2, 1, 2, 1
 | 1, 2, 2, 2, 1, 2, 1, 1, 2, 2, 1, 2, 2, 1, 2, 1, 2, 2, 1
 | 1, 2, 1, 1, 2, 2, 1, 2, 1, 1, 2, 1, 1, 2, 2, 1, 2, 1, 1
 | 2, 1, 1, 1, 2, 1, 1, 1, 2, 1, 2, 1, 2, 1, 2, 1, 1, 1, 2
 | 1, 1, 1, 2, 1, 1, 2, 1, 2, 2, 2, 1, 2, 2, 1, 1, 2, 2, 2
 | 2, 1, 1, 1, 2, 1, 1, 1, 2, 1, 2, 2, 1, 2, 1, 2, 2, 1, 2
 | 2, 1, 1, 2, 2, 2, 1, 2, 1, 1, 2, 2, 2, 1, 1, 2, 2, 2, 1
 | 1, 1, 2, 1, 1, 1, 2, 1, 1, 1, 2, 1, 1, 2, 2, 2, 1, 1, 1
 | 1, 1, 1, 2, 1, 2, 1, 2, 2, 2, 1, 1, 2, 1, 2, 2, 1, 1, 2
 | 2, 2, 2, 1, 2, 2, 1, 2, 2, 2, 1, 2, 2, 1, 2, 2, 2, 1, 2
 | 1, 2, 2, 2, 1, 1, 2, 2, 1, 1, 2, 1, 2, 1, 2, 1, 1, 2, 1
 | 2, 2, 2, 1, 2, 2, 2, 1, 2, 2, 2, 1, 2, 2, 2, 1, 2, 2, 2
 | 2, 2, 2, 1, 1, 2, 2, 2, 1, 1, 1, 2, 1, 1, 2, 2, 2, 1, 2
 | 1, 2, 2, 2, 1, 1, 2, 1, 1, 2, 2, 1, 2, 1, 1, 1, 2, 1, 2
 |];
travel = 
[| 1, 1, 3, 1,  1,  5, 6,  1, 7, 0, 0,  4,  4, 0,  0,  1, 1, 0,  0,  0
 | 0, 2, 1, 1,  0,  5, 1,  6, 0, 8, 8,  0,  8, 1,  7,  5, 5, 3,  3,  0
 | 1, 3, 2, 4,  1,  5, 0,  7, 1, 3, 9,  0,  0, 6,  6,  0, 0, 3,  3,  0
 | 0, 0, 0, 5,  5,  0, 1,  7, 8, 9, 9, 10, 10, 8,  8,  0, 0, 9,  2,  7
 | 1, 1, 2, 0,  3,  1, 2,  6, 6, 4, 6,  5,  5, 6,  1,  5, 8, 1,  3,  8
 | 0, 0, 1, 5,  4,  2, 1,  3, 8, 8, 0,  8,  8, 6,  6,  5, 5, 0,  0,  0
 | 2, 2, 0, 0,  3,  3, 0,  0, 8, 8, 0,  4,  4, 0,  0,  3, 3, 5,  5,  0
 | 0, 2, 1, 9,  8,  9, 9,  0, 4, 3, 1,  8,  1, 9,  4,  4, 7, 1,  6,  0
 | 0, 5, 5, 0,  8,  4, 8,  7, 7, 0, 3,  3,  0, 1,  5,  4, 1, 1,  0,  0
 | 2, 2, 0, 0, 10, 10, 0,  0, 9, 9, 6,  6,  4, 4,  1,  1, 0, 0,  4,  4
 | 0, 0, 0, 1,  1,  0, 4,  4, 9, 1, 2,  8,  7, 9,  2,  0, 3, 5,  1,  3
 | 8, 8, 0, 0,  3,  3, 0,  0, 7, 7, 9,  1, 10, 2,  2,  6, 8, 6,  3,  3
 | 2, 2, 0, 5,  4,  2, 1,  7, 7, 0, 9,  1,  2, 8,  0,  5, 1, 3,  3,  0
 | 0, 0, 1, 1,  0,  0, 2,  2, 0, 0, 7,  7,  0, 7,  2,  2, 9, 0,  0,  0
 | 0, 0, 0, 4,  4,  5, 5,  3, 2, 6, 9,  0,  8, 8,  6,  8, 6, 0,  8,  8
 | 1, 5, 2, 6,  5,  3, 2,  9, 6, 6, 3,  1,  6, 7,  6,  1, 2, 5, 10, 10
 | 0, 2, 4, 1,  7,  0, 4,  1, 3, 0, 2,  2,  5, 5, 10, 10, 0, 9,  9,  0
 | 7, 1, 1, 9,  1,  1, 4,  2, 1, 3, 6, 10,  7, 2,  3,  6, 4, 1,  2,  5
 | 5, 1, 1, 7,  0,  8, 1, 10, 1, 0, 0, 10, 10, 0,  7,  2, 1, 4,  2,  2
 | 0, 9, 2, 1,  6,  0, 9,  9, 0, 3, 1,  4,  7, 7,  0,  0, 4, 4,  2,  2
 |];
objective = 1392;
% time elapsed: 1933.95 s
----------
opponent = 
[|  2,  3,  4,  5,  6,  9,  7,  8, 10, 11, 12, 17, 13, 14, 15, 20, 16, 18, 19
 |  1,  4,  3,  6,  5,  7,  8,  9, 11, 10, 13, 12, 14, 15, 16, 17, 18, 19, 20
 |  4,  1,  2,  7,  8,  5,  6, 10,  9, 12, 11, 13, 15, 17, 14, 16, 19, 20, 18
 |  3,  2,  1,  9,  7,  6,  5, 12,  8, 13, 10, 14, 11, 16, 18, 19, 20, 15, 17
 |  6,  7,  8,  1,  2,  3,  4, 11, 12,  9, 15, 10, 18, 19, 20, 14, 17, 16, 13
 |  5,  8,  7,  2,  1,  4,  3, 13, 14, 15,  9, 18, 10, 20, 19, 11, 12, 17, 16
 |  9,  5,  6,  3,  4,  2,  1, 16, 19,  8, 14, 11, 20, 18, 17, 10, 13, 12, 15
 | 10,  6,  5, 16,  3, 17,  2,  1,  4,  7, 18, 20, 19,  9, 12, 13, 15, 14, 11
 |  7, 14, 20,  4, 18,  1, 17,  2,  3,  5,  6, 19, 16,  8, 13, 15, 10, 11, 12
 |  8, 15, 19, 17, 20, 18, 16,  3,  1,  2,  4,  5,  6, 12, 11,  7,  9, 13, 14
 | 16, 12, 17, 20, 19, 15, 18,  5,  2,  1,  3,  7,  4, 13, 10,  6, 14,  9,  8
 | 20, 11, 16, 14, 15, 13, 19,  4,  5,  3,  1,  2, 17, 10,  8, 18,  6,  7,  9
 | 14, 19, 15, 18, 17, 12, 20,  6, 16,  4,  2,  3,  1, 11,  9,  8,  7, 10,  5
 | 13,  9, 18, 12, 16, 19, 15, 20,  6, 17,  7,  4,  2,  1,  3,  5, 11,  8, 10
 | 17, 10, 13, 19, 12, 11, 14, 18, 20,  6,  5, 16,  3,  2,  1,  9,  8,  4,  7
 | 11, 17, 12,  8, 14, 20, 10,  7, 13, 18, 19, 15,  9,  4,  2,  3,  1,  5,  6
 | 15, 16, 11, 10, 13,  8,  9, 19, 18, 14, 20,  1, 12,  3,  7,  2,  5,  6,  4
 | 19, 20, 14, 13,  9, 10, 11, 15, 17, 16,  8,  6,  5,  7,  4, 12,  2,  1,  3
 | 18, 13, 10, 15, 11, 14, 12, 17,  7, 20, 16,  9,  8,  5,  6,  4,  3,  2,  1
 | 12, 18,  9, 11, 10, 16, 13, 14, 15, 19, 17,  8,  7,  6,  5,  1,  4,  3,  2
 |];
venue = 
[| 2, 1, 2, 2, 2, 1, 2, 2, 1, 1, 1, 2, 1, 1, 1, 2, 1, 1, 1
 | 1, 2, 2, 1, 1, 2, 2, 1, 1, 2, 1, 1, 2, 2, 1, 2, 1, 2, 1
 | 2, 2, 1, 2, 2, 1, 1, 2, 2, 2, 1, 1, 1, 2, 1, 1, 1, 2, 1
 | 1, 1, 1, 2, 1, 1, 2, 2, 1, 2, 1, 2, 1, 2, 1, 1, 1, 2, 2
 | 2, 2, 1, 1, 2, 2, 1, 2, 1, 2, 2, 2, 1, 2, 2, 1, 2, 2, 2
 | 1, 1, 2, 2, 1, 2, 2, 1, 2, 1, 1, 2, 1, 2, 1, 2, 1, 1, 1
 | 2, 1, 1, 1, 2, 1, 1, 1, 2, 1, 1, 2, 1, 1, 1, 2, 1, 2, 1
 | 1, 2, 2, 2, 1, 2, 1, 1, 2, 2, 1, 2, 2, 1, 2, 1, 2, 2, 1
 | 1, 2, 1, 1, 1, 2, 2, 2, 1, 1, 2, 1, 1, 2, 2, 1, 2, 1, 1
 | 2, 1, 1, 1, 2, 1, 1, 1, 2, 1, 2, 1, 2, 1, 2, 1, 1, 1, 2
 | 1, 2, 1, 1, 1, 2, 1, 1, 2, 2, 2, 1, 2, 2, 1, 1, 2, 2, 2
 | 2, 1, 1, 1, 2, 1, 1, 1, 2, 1, 2, 2, 1, 2, 1, 2, 2, 1, 2
 | 2, 1, 2, 2, 1, 2, 1, 2, 1, 1, 2, 2, 2, 1, 1, 2, 2, 2, 1
 | 1, 1, 1, 2, 1, 1, 2, 1, 1, 1, 2, 1, 1, 2, 2, 2, 1, 1, 1
 | 1, 2, 1, 2, 1, 1, 1, 2, 2, 2, 1, 1, 2, 1, 2, 2, 1, 1, 2
 | 2, 2, 2, 1, 2, 1, 2, 2, 2, 1, 2, 2, 2, 1, 2, 2, 2, 1, 2
 | 2, 1, 2, 2, 2, 1, 1, 2, 1, 2, 1, 1, 2, 1, 2, 1, 1, 2, 1
 | 2, 2, 2, 1, 2, 2, 2, 1, 2, 2, 2, 1, 2, 2, 2, 1, 2, 2, 2
 | 1, 2, 2, 1, 2, 2, 2, 1, 1, 2, 1, 2, 1, 1, 2, 2, 2, 1, 2
 | 1, 1, 2, 2, 1, 2, 2, 2, 1, 1, 2, 1, 2, 1, 1, 1, 2, 1, 2
 |];
travel = 
[| 1, 1, 3, 1,  1,  5, 6, 1, 7, 0, 0,  4,  4, 0,  0,  1, 1, 0,  0,  0
 | 0, 2, 1, 1,  0,  5, 1, 6, 0, 8, 8,  0,  8, 1,  7,  5, 5, 3,  3,  0
 | 1, 3, 2, 4,  1,  5, 0, 7, 1, 3, 9,  0,  0, 6,  6,  0, 0, 3,  3,  0
 | 0, 0, 0, 5,  5,  0, 1, 7, 8, 9, 9, 10, 10, 8,  8,  0, 0, 9,  2,  7
 | 1, 1, 2, 0,  3,  1, 2, 6, 6, 4, 6,  5,  5, 6,  1,  5, 8, 1,  3,  8
 | 0, 0, 1, 5,  4,  2, 1, 3, 8, 8, 0,  8,  8, 6,  6,  5, 5, 0,  0,  0
 | 2, 2, 0, 0,  3,  3, 0, 0, 8, 8, 0,  4,  4, 0,  0,  3, 3, 5,  5,  0
 | 0, 2, 1, 9,  8,  9, 9, 0, 4, 3, 1,  8,  1, 9,  4,  4, 7, 1,  6,  0
 | 0, 5, 5, 0,  0,  8, 4, 5, 7, 0, 3,  3,  0, 1,  5,  4, 1, 1,  0,  0
 | 2, 2, 0, 0, 10, 10, 0, 0, 9, 9, 6,  6,  4, 4,  1,  1, 0, 0,  4,  4
 | 0, 1, 1, 0,  0,  4, 4, 0, 9, 1, 2,  8,  7, 9,  2,  0, 3, 5,  1,  3
 | 8, 8, 0, 0,  3,  3, 0, 0, 7, 7, 9,  1, 10, 2,  2,  6, 8, 6,  3,  3
 | 1, 1, 2, 3,  5,  1, 1, 7, 7, 0, 9,  1,  2, 8,  0,  5, 1, 3,  3,  0
 | 0, 0, 0, 2,  2,  0, 1, 1, 0, 0, 7,  7,  0, 7,  2,  2, 9, 0,  0,  0
 | 0, 5, 5, 4,  4,  0, 0, 3, 2, 6, 9,  0,  8, 8,  6,  8, 6, 0,  8,  8
 | 5, 6, 5, 4,  2,  2, 6, 3, 6, 3, 3,  4,  6, 7,  6,  1, 2, 5, 10, 10
 | 2, 2, 6, 1,  3,  4, 0, 2, 2, 3, 3,  0,  5, 5, 10, 10, 0, 9,  9,  0
 | 1, 1, 6, 4,  9,  1, 1, 7, 1, 1, 8, 10,  7, 2,  3,  6, 4, 1,  2,  5
 | 0, 6, 3, 9,  8,  3, 2, 7, 0, 1, 1, 10, 10, 0,  7,  2, 1, 4,  2,  2
 | 0, 0, 9, 2,  9,  4, 3, 1, 6, 0, 3,  3,  7, 7,  0,  0, 4, 4,  2,  2
 |];
objective = 1388;
% time elapsed: 2034.26 s
----------
opponent = 
[|  2,  3,  4,  5,  6,  9,  7,  8, 10, 11, 12, 17, 13, 14, 15, 20, 16, 18, 19
 |  1,  4,  3,  6,  5,  7,  8,  9, 11, 10, 13, 12, 14, 15, 16, 17, 18, 19, 20
 |  4,  1,  2,  7,  8,  5,  6, 10,  9, 12, 11, 13, 15, 17, 14, 16, 19, 20, 18
 |  3,  2,  1,  9,  7,  6,  5, 12,  8, 13, 10, 14, 11, 16, 18, 19, 20, 15, 17
 |  6,  7,  8,  1,  2,  3,  4, 11, 12,  9, 15, 10, 18, 19, 20, 14, 17, 16, 13
 |  5,  8,  7,  2,  1,  4,  3, 13, 14, 15,  9, 18, 10, 20, 19, 11, 12, 17, 16
 |  9,  5,  6,  3,  4,  2,  1, 16, 19,  8, 14, 11, 20, 18, 17, 10, 13, 12, 15
 | 10,  6,  5, 16,  3, 17,  2,  1,  4,  7, 18, 20, 19,  9, 12, 13, 15, 14, 11
 |  7, 14, 20,  4, 18,  1, 17,  2,  3,  5,  6, 19, 16,  8, 13, 15, 10, 11, 12
 |  8, 15, 19, 17, 20, 18, 16,  3,  1,  2,  4,  5,  6, 12, 11,  7,  9, 13, 14
 | 16, 19, 12, 20, 17, 15, 18,  5,  2,  1,  3,  7,  4, 13, 10,  6, 14,  9,  8
 | 20, 16, 11, 14, 15, 13, 19,  4,  5,  3,  1,  2, 17, 10,  8, 18,  6,  7,  9
 | 14, 17, 15, 18, 19, 12, 20,  6, 16,  4,  2,  3,  1, 11,  9,  8,  7, 10,  5
 | 13,  9, 18, 12, 16, 19, 15, 20,  6, 17,  7,  4,  2,  1,  3,  5, 11,  8, 10
 | 17, 10, 13, 19, 12, 11, 14, 18, 20,  6,  5, 16,  3,  2,  1,  9,  8,  4,  7
 | 11, 12, 17,  8, 14, 20, 10,  7, 13, 18, 19, 15,  9,  4,  2,  3,  1,  5,  6
 | 15, 13, 16, 10, 11,  8,  9, 19, 18, 14, 20,  1, 12,  3,  7,  2,  5,  6,  4
 | 19, 20, 14, 13,  9, 10, 11, 15, 17, 16,  8,  6,  5,  7,  4, 12,  2,  1,  3
 | 18, 11, 10, 15, 13, 14, 12, 17,  7, 20, 16,  9,  8,  5,  6,  4,  3,  2,  1
 | 12, 18,  9, 11, 10, 16, 13, 14, 15, 19, 17,  8,  7,  6,  5,  1,  4,  3,  2
 |];
venue = 
[| 2, 1, 2, 2, 2, 1, 2, 2, 1, 1, 1, 2, 1, 1, 1, 2, 1, 1, 1
 | 1, 2, 2, 1, 1, 2, 2, 1, 1, 2, 1, 1, 2, 2, 1, 2, 1, 2, 1
 | 2, 2, 1, 2, 2, 1, 1, 2, 2, 2, 1, 1, 1, 2, 1, 1, 1, 2, 1
 | 1, 1, 1, 2, 1, 1, 2, 2, 1, 2, 1, 2, 1, 2, 1, 1, 1, 2, 2
 | 2, 2, 1, 1, 2, 2, 1, 2, 1, 2, 2, 2, 1, 2, 2, 1, 2, 2, 2
 | 1, 1, 2, 2, 1, 2, 2, 1, 2, 1, 1, 2, 1, 2, 1, 2, 1, 1, 1
 | 2, 1, 1, 1, 2, 1, 1, 1, 2, 1, 1, 2, 1, 1, 1, 2, 1, 2, 1
 | 1, 2, 2, 2, 1, 2, 1, 1, 2, 2, 1, 2, 2, 1, 2, 1, 2, 2, 1
 | 1, 2, 1, 1, 1, 2, 2, 2, 1, 1, 2, 1, 1, 2, 2, 1, 2, 1, 1
 | 2, 1, 1, 1, 2, 1, 1, 1, 2, 1, 2, 1, 2, 1, 2, 1, 1, 1, 2
 | 1, 1, 2, 1, 1, 2, 1, 1, 2, 2, 2, 1, 2, 2, 1, 1, 2, 2, 2
 | 2, 1, 1, 1, 2, 1, 1, 1, 2, 1, 2, 2, 1, 2, 1, 2, 2, 1, 2
 | 2, 1, 2, 2, 1, 2, 1, 2, 1, 1, 2, 2, 2, 1, 1, 2, 2, 2, 1
 | 1, 1, 1, 2, 1, 1, 2, 1, 1, 1, 2, 1, 1, 2, 2, 2, 1, 1, 1
 | 1, 2, 1, 2, 1, 1, 1, 2, 2, 2, 1, 1, 2, 1, 2, 2, 1, 1, 2
 | 2, 2, 2, 1, 2, 1, 2, 2, 2, 1, 2, 2, 2, 1, 2, 2, 2, 1, 2
 | 2, 2, 1, 2, 2, 1, 1, 2, 1, 2, 1, 1, 2, 1, 2, 1, 1, 2, 1
 | 2, 2, 2, 1, 2, 2, 2, 1, 2, 2, 2, 1, 2, 2, 2, 1, 2, 2, 2
 | 1, 2, 2, 1, 2, 2, 2, 1, 1, 2, 1, 2, 1, 1, 2, 2, 2, 1, 2
 | 1, 1, 2, 2, 1, 2, 2, 2, 1, 1, 2, 1, 2, 1, 1, 1, 2, 1, 2
 |];
travel = 
[| 1, 1, 3, 1,  1,  5, 6, 1, 7, 0, 0,  4,  4, 0,  0,  1, 1, 0,  0,  0
 | 0, 2, 1, 1,  0,  5, 1, 6, 0, 8, 8,  0,  8, 1,  7,  5, 5, 3,  3,  0
 | 1, 3, 2, 4,  1,  5, 0, 7, 1, 3, 9,  0,  0, 6,  6,  0, 0, 3,  3,  0
 | 0, 0, 0, 5,  5,  0, 1, 7, 8, 9, 9, 10, 10, 8,  8,  0, 0, 9,  2,  7
 | 1, 1, 2, 0,  3,  1, 2, 6, 6, 4, 6,  5,  5, 6,  1,  5, 8, 1,  3,  8
 | 0, 0, 1, 5,  4,  2, 1, 3, 8, 8, 0,  8,  8, 6,  6,  5, 5, 0,  0,  0
 | 2, 2, 0, 0,  3,  3, 0, 0, 8, 8, 0,  4,  4, 0,  0,  3, 3, 5,  5,  0
 | 0, 2, 1, 9,  8,  9, 9, 0, 4, 3, 1,  8,  1, 9,  4,  4, 7, 1,  6,  0
 | 0, 5, 5, 0,  0,  8, 4, 5, 7, 0, 3,  3,  0, 1,  5,  4, 1, 1,  0,  0
 | 2, 2, 0, 0, 10, 10, 0, 0, 9, 9, 6,  6,  4, 4,  1,  1, 0, 0,  4,  4
 | 0, 0, 1, 1,  0,  4, 4, 0, 9, 1, 2,  8,  7, 9,  2,  0, 3, 5,  1,  3
 | 8, 8, 0, 0,  3,  3, 0, 0, 7, 7, 9,  1, 10, 2,  2,  6, 8, 6,  3,  3
 | 1, 1, 2, 3,  5,  1, 1, 7, 7, 0, 9,  1,  2, 8,  0,  5, 1, 3,  3,  0
 | 0, 0, 0, 2,  2,  0, 1, 1, 0, 0, 7,  7,  0, 7,  2,  2, 9, 0,  0,  0
 | 0, 5, 5, 4,  4,  0, 0, 3, 2, 6, 9,  0,  8, 8,  6,  8, 6, 0,  8,  8
 | 5, 1, 5, 1,  2,  2, 6, 3, 6, 3, 3,  4,  6, 7,  6,  1, 2, 5, 10, 10
 | 2, 2, 4, 7,  1,  6, 0, 2, 2, 3, 3,  0,  5, 5, 10, 10, 0, 9,  9,  0
 | 1, 1, 6, 4,  9,  1, 1, 7, 1, 1, 8, 10,  7, 2,  3,  6, 4, 1,  2,  5
 | 0, 8, 1, 9,  6,  1, 2, 7, 0, 1, 1, 10, 10, 0,  7,  2, 1, 4,  2,  2
 | 0, 0, 9, 2,  9,  4, 3, 1, 6, 0, 3,  3,  7, 7,  0,  0, 4, 4,  2,  2
 |];
objective = 1380;
% time elapsed: 2035.18 s
----------
%%%mzn-stat: nSolutions=20
%%%mzn-stat-end
